1000
4993
0  28  96
0  316  33
0  318  15
0  325  91
0  396  18
0  448  91
0  593  6
0  658  50
0  815  71
0  918  90
28  179  44
28  247  77
28  432  63
28  476  92
28  631  64
28  689  60
28  740  12
28  786  76
28  916  57
28  962  91
28  988  88
316  367  2
316  416  9
316  548  49
316  549  94
316  593  24
316  623  68
316  741  35
316  898  36
318  351  89
318  402  37
318  425  87
318  522  82
318  824  16
318  875  85
318  881  78
318  893  38
325  335  48
325  364  39
325  432  17
325  466  26
325  489  93
325  654  87
325  750  15
325  849  71
396  428  72
396  525  34
396  544  44
396  680  35
396  685  68
396  755  65
396  782  37
396  858  91
396  861  19
448  919  13
593  597  87
593  937  7
658  826  5
658  951  40
658  959  65
815  972  92
918  941  42
1  58  59
1  149  17
1  372  54
1  492  83
1  516  16
1  638  82
1  674  21
1  698  60
1  725  6
1  830  86
1  848  57
1  932  22
58  69  9
58  209  29
58  224  4
58  245  1
58  494  23
58  575  19
58  619  85
58  777  77
58  925  1
58  948  5
58  995  48
149  221  2
149  411  9
149  498  40
149  700  59
149  706  81
149  730  90
149  842  46
149  914  93
149  916  74
149  962  41
149  980  50
372  381  96
372  499  35
372  679  96
372  784  14
372  806  13
372  904  3
372  975  86
492  500  20
492  515  34
492  555  96
492  590  61
492  606  64
492  698  55
492  822  52
516  725  88
516  988  49
638  666  66
638  802  78
638  874  68
674  970  24
674  997  22
698  902  94
725  837  8
725  907  58
725  979  9
2  87  63
2  145  21
2  150  53
2  170  24
2  171  79
2  404  88
2  405  1
2  481  45
2  503  19
2  511  42
2  712  74
2  766  36
2  843  38
2  906  84
2  912  54
87  98  17
87  104  44
87  411  40
87  414  86
87  444  43
87  485  56
87  575  52
87  726  12
87  760  73
87  877  20
87  975  77
145  151  99
145  183  30
145  276  50
145  319  42
145  367  55
145  448  46
145  475  87
145  534  13
145  588  96
150  195  55
150  215  77
150  358  19
150  379  64
150  430  10
150  489  39
150  743  65
150  776  88
150  812  92
150  879  23
150  915  69
170  452  99
170  468  97
170  591  16
171  285  43
171  414  96
171  495  100
171  629  61
171  635  45
171  720  82
171  784  83
171  789  52
171  882  25
404  455  36
404  725  42
404  858  61
404  876  85
404  886  62
405  423  8
405  741  16
405  745  80
405  882  17
405  915  11
405  920  77
405  969  66
405  973  62
481  570  15
481  574  3
481  721  58
481  735  42
481  881  91
481  935  40
481  988  20
503  607  32
503  640  77
503  641  34
503  762  31
503  772  77
503  822  53
511  555  1
511  628  32
511  842  17
511  906  74
511  974  37
712  861  33
712  935  89
766  848  50
766  877  78
766  938  21
843  889  51
843  941  9
843  978  64
912  950  74
912  995  12
3  48  18
3  212  77
3  308  63
3  615  92
3  666  52
3  686  39
3  715  54
3  746  43
3  797  72
3  827  87
3  857  6
3  863  74
48  131  10
48  148  67
48  286  77
48  316  1
48  398  3
48  449  60
48  581  43
48  676  66
48  813  79
48  828  24
48  901  86
212  213  59
212  320  17
212  355  76
212  377  75
212  433  93
212  643  57
212  745  31
212  864  10
308  319  63
308  390  97
308  463  77
308  510  69
308  626  56
308  698  58
308  822  80
308  967  9
308  993  92
615  840  55
615  927  76
615  950  14
615  973  21
615  999  51
666  912  80
686  864  7
686  962  87
715  744  8
715  798  18
746  767  69
746  802  11
746  864  48
746  920  36
746  954  97
797  820  27
827  898  76
827  943  12
827  999  95
857  877  17
857  895  78
857  929  63
857  962  46
863  868  73
863  984  62
4  131  87
4  411  81
4  623  83
4  662  10
4  774  49
4  842  63
4  882  21
4  901  15
4  979  4
4  982  95
131  166  13
131  171  14
131  415  76
131  665  56
131  803  55
131  837  18
131  858  6
131  943  67
131  947  3
131  948  25
131  979  96
411  564  20
411  585  61
411  667  99
411  856  83
411  931  21
411  970  74
623  642  65
623  653  40
623  667  72
623  670  4
623  793  12
623  850  90
623  858  34
623  893  92
662  870  32
774  777  26
774  839  21
774  867  86
774  887  90
774  980  95
882  964  18
979  983  19
982  996  80
5  232  86
5  352  32
5  365  15
5  449  29
5  466  82
5  531  3
5  740  78
5  800  57
5  904  32
232  411  37
232  439  98
232  465  65
232  585  18
232  791  39
232  872  58
232  920  31
352  365  23
352  384  84
352  588  61
352  727  79
352  766  67
365  418  56
365  456  83
365  509  8
365  537  71
365  667  82
365  689  27
365  712  78
365  744  51
365  813  2
365  950  95
449  579  49
449  686  35
449  821  13
449  895  26
449  917  23
449  953  69
449  956  16
466  484  23
466  495  52
466  675  75
466  703  52
466  706  55
466  831  79
531  667  74
531  676  98
531  734  83
531  873  4
531  910  56
531  967  94
740  749  33
800  818  47
800  826  99
6  52  85
6  344  99
6  375  30
6  737  73
6  874  98
6  879  15
6  984  97
52  347  18
52  371  12
52  411  96
52  510  25
52  596  98
52  726  83
52  761  56
52  840  59
52  892  16
52  979  47
344  376  5
344  382  19
344  509  62
344  657  79
344  717  19
344  718  81
375  432  54
375  454  98
375  468  64
375  495  94
375  586  74
375  740  26
375  778  5
375  876  95
375  932  35
375  982  48
737  781  91
737  786  17
737  870  5
737  918  14
737  947  34
874  972  13
879  892  17
879  932  56
7  85  59
7  155  38
7  320  4
7  346  65
7  581  87
7  621  36
7  792  14
7  824  46
7  937  59
85  129  14
85  169  41
85  331  85
85  400  23
85  549  3
85  829  46
85  854  64
155  203  92
155  307  10
155  343  8
155  370  59
155  430  35
155  513  74
155  533  49
155  615  96
155  677  67
155  770  1
155  983  83
320  451  61
320  637  48
320  688  29
320  853  78
320  896  91
320  941  99
346  371  24
346  387  22
346  509  81
346  691  52
346  770  58
346  801  33
346  860  68
581  985  96
621  755  11
621  778  83
621  904  51
792  821  14
792  859  91
792  937  38
937  996  17
8  30  40
8  45  95
8  134  24
8  186  27
8  268  56
8  370  10
8  484  25
8  565  86
8  612  30
8  649  38
8  945  78
30  45  41
30  74  53
30  332  46
30  350  83
30  439  63
30  649  80
30  709  12
30  797  83
30  817  82
30  869  12
45  82  88
45  99  49
45  410  52
45  473  50
45  493  22
45  502  66
45  544  50
45  563  14
45  637  9
45  766  1
45  836  63
45  944  64
134  144  74
134  177  35
134  315  10
134  624  94
134  962  22
186  254  100
186  335  79
186  394  21
186  437  98
186  468  16
186  564  28
186  688  38
186  696  49
186  990  93
268  305  72
268  448  26
268  742  21
268  885  40
268  891  69
268  951  3
268  977  44
370  464  10
370  572  44
370  581  6
370  771  3
370  888  87
370  976  85
484  528  44
484  612  36
484  646  91
484  689  25
484  812  23
484  815  43
484  942  99
565  846  49
565  859  83
565  923  3
612  988  77
649  933  52
945  991  71
9  212  57
9  271  33
9  526  89
9  561  39
9  696  68
9  793  5
9  826  87
9  895  24
9  897  70
9  910  90
9  972  65
271  389  41
271  510  53
271  607  88
271  735  73
526  676  25
526  701  61
526  727  100
526  796  61
526  837  65
526  848  7
526  961  61
561  825  47
561  914  13
696  748  9
696  799  76
696  802  16
696  959  81
793  925  2
793  927  80
793  964  55
793  998  16
10  225  59
10  405  17
10  627  46
10  757  15
10  922  2
225  305  9
225  393  92
225  395  40
225  445  74
225  461  14
225  497  72
225  536  47
225  605  54
225  621  52
225  872  24
627  716  65
627  791  20
627  825  44
922  980  37
11  287  77
11  331  14
11  346  26
11  416  28
11  472  6
11  611  92
11  654  19
11  699  75
11  704  84
11  963  27
287  335  82
287  336  85
287  345  75
287  475  25
287  491  79
287  545  84
287  573  91
287  596  31
287  727  44
331  392  64
331  448  72
331  568  26
331  838  35
331  859  64
416  532  54
416  624  53
416  740  74
416  755  99
472  514  63
472  563  36
472  681  10
472  692  37
472  705  98
472  917  26
472  921  57
611  751  53
654  695  66
654  701  55
654  707  41
654  729  29
654  813  100
654  880  56
699  917  49
699  918  69
699  935  43
704  844  63
704  964  97
12  76  93
12  102  37
12  165  20
12  169  86
12  189  53
12  207  68
12  247  79
12  334  39
12  344  100
12  682  67
12  688  69
12  726  10
12  757  14
12  852  2
12  967  63
76  190  10
76  238  87
76  345  83
76  426  36
76  466  71
76  579  99
76  608  8
76  698  30
76  728  56
76  731  65
76  732  42
76  742  82
76  829  22
76  833  56
102  132  89
102  363  21
102  519  14
102  561  14
102  622  25
102  628  11
102  655  59
102  666  80
102  675  38
102  713  23
102  743  87
102  748  50
102  824  84
102  964  39
165  354  63
165  419  34
165  470  53
165  607  1
165  670  80
165  684  56
165  736  73
165  754  2
165  792  56
165  941  86
169  245  9
169  616  31
169  966  25
169  995  96
189  262  12
189  278  99
189  394  50
189  555  55
189  634  66
189  837  59
189  939  31
207  258  90
207  416  96
207  594  52
207  615  43
207  699  28
207  968  42
247  407  89
247  456  38
247  502  97
247  747  90
247  822  8
247  939  5
334  345  37
334  413  29
334  435  100
334  457  1
334  514  45
334  559  47
334  572  15
334  841  38
682  772  39
682  898  11
688  911  93
688  920  91
726  901  73
726  977  36
852  945  48
13  33  70
13  110  31
13  257  58
13  266  22
13  355  66
13  362  19
13  408  25
13  476  43
13  727  70
13  781  19
13  793  37
33  62  40
33  211  34
33  216  10
33  275  15
33  440  69
33  507  22
33  525  40
33  622  46
33  639  51
33  691  49
33  839  6
33  872  22
110  262  85
110  269  68
110  305  1
110  386  55
110  487  45
110  558  97
110  932  68
110  936  75
257  289  30
257  384  38
257  418  48
257  599  24
257  669  74
257  706  52
257  957  80
266  331  15
266  392  49
266  393  49
266  673  89
266  747  23
266  971  17
355  433  22
355  495  81
355  594  87
355  851  93
355  898  89
362  544  53
362  650  91
362  723  82
362  882  90
362  977  52
408  461  77
408  750  23
408  884  42
408  948  52
476  653  87
476  882  77
727  761  75
727  767  90
727  967  81
14  67  73
14  382  37
14  576  46
14  677  98
14  680  12
14  726  13
14  747  86
14  809  48
14  908  14
14  909  41
14  942  14
67  243  85
67  484  79
67  500  22
67  576  79
67  639  62
67  674  75
67  805  36
382  430  61
382  578  5
382  691  48
382  710  22
382  819  54
382  882  64
382  941  64
576  707  64
576  816  66
677  846  4
677  905  40
677  963  43
809  881  46
809  926  25
809  955  34
908  940  100
909  966  36
909  987  83
15  29  81
15  42  35
15  71  54
15  138  85
15  261  50
15  283  53
15  543  62
15  739  77
15  898  6
15  954  52
15  971  18
15  992  85
29  62  40
29  290  70
29  296  60
29  504  88
29  626  44
42  566  45
42  670  59
42  787  2
42  835  23
42  918  93
42  981  28
71  260  98
71  327  45
71  329  16
71  490  40
71  772  24
71  869  97
71  937  46
138  226  77
138  309  1
138  467  23
138  595  57
138  762  20
138  802  77
261  305  62
261  400  48
261  566  42
261  585  76
261  758  25
261  853  73
261  866  56
261  996  79
283  442  35
283  462  2
283  603  69
283  626  13
283  655  65
283  726  13
283  763  59
283  777  3
283  807  2
283  853  86
543  825  82
543  833  27
543  861  45
543  932  100
543  987  73
543  994  86
543  995  78
739  872  29
739  878  28
739  939  70
954  956  86
16  323  82
16  336  73
16  367  68
16  473  3
16  521  33
16  638  72
16  682  44
16  760  3
16  865  79
16  867  57
16  988  71
323  343  33
323  358  81
323  514  68
323  582  56
323  628  94
323  741  99
323  859  80
323  892  21
323  980  1
336  537  55
336  538  90
336  542  18
336  830  47
336  851  52
336  932  33
336  950  48
367  377  92
367  440  1
367  458  2
367  512  39
367  567  73
367  587  66
473  535  64
473  765  88
473  780  82
473  836  30
521  574  3
521  582  33
521  591  47
521  979  84
760  870  44
760  908  56
760  989  54
865  927  73
867  900  7
867  956  56
867  980  19
17  49  13
17  509  64
17  840  25
17  844  79
17  859  25
17  892  74
17  907  11
49  285  77
49  297  76
49  339  78
49  349  83
49  513  39
49  716  94
49  823  80
49  877  9
49  908  63
49  986  46
509  551  34
509  563  85
509  586  16
509  751  99
509  948  52
840  948  22
840  999  29
844  852  16
844  854  44
844  875  50
844  919  87
844  955  49
859  990  4
892  932  24
18  155  82
18  555  51
18  678  26
18  789  71
555  603  88
555  609  47
555  637  35
555  973  55
678  685  29
678  691  6
678  934  48
678  959  73
789  842  13
789  868  91
19  313  88
19  457  4
19  541  52
19  652  2
19  728  6
19  825  80
313  457  82
313  490  80
313  521  68
313  622  60
313  918  60
457  549  35
457  555  45
457  645  68
457  732  78
541  669  9
541  773  31
541  822  94
541  875  95
541  883  4
541  908  57
652  678  72
652  881  38
652  923  87
728  849  87
728  898  88
728  943  63
825  973  67
20  172  1
20  420  26
20  452  99
20  454  16
20  591  51
20  607  25
172  173  69
172  362  71
172  404  94
172  441  56
172  486  22
172  988  73
420  425  56
420  700  1
452  457  34
452  631  28
452  732  11
452  754  46
452  776  25
452  802  73
454  552  4
454  609  82
454  653  98
591  592  1
591  698  51
591  734  37
591  961  61
607  620  83
607  639  27
607  668  96
21  87  77
21  251  83
21  273  28
21  415  26
21  420  82
21  512  21
21  625  14
21  653  36
21  750  81
21  863  28
21  925  38
251  267  42
251  353  65
251  514  53
251  531  53
251  864  4
251  911  98
251  947  75
273  414  88
273  441  37
273  444  86
273  467  71
273  657  66
273  718  63
273  838  6
273  840  29
273  846  37
273  874  83
273  930  57
273  969  34
415  577  89
415  742  56
415  834  14
512  604  85
512  713  18
512  736  28
512  842  31
625  774  31
625  797  34
625  866  77
653  741  56
653  742  62
653  885  29
653  925  68
653  956  3
750  785  53
750  908  81
925  997  81
22  40  75
22  75  71
22  148  82
22  294  24
22  308  60
22  352  29
22  531  23
22  713  95
22  810  69
40  57  47
40  77  30
40  88  62
40  118  60
40  135  64
40  260  64
40  508  9
40  534  29
40  572  13
40  810  38
40  974  29
75  158  96
75  162  24
75  198  28
75  355  48
75  611  83
75  994  28
148  454  81
148  518  68
148  602  17
148  615  34
148  675  100
148  730  85
148  923  49
294  311  60
294  329  45
294  359  16
294  378  9
294  387  94
294  424  35
294  614  97
294  647  100
713  740  45
713  744  13
713  791  36
713  834  63
713  858  51
713  925  18
810  839  51
810  854  39
23  77  36
23  129  92
23  154  91
23  355  29
23  411  14
23  412  39
23  426  50
23  899  60
23  921  26
23  939  96
23  963  79
77  132  72
77  287  77
77  340  69
77  355  93
77  366  33
77  449  70
77  476  74
77  602  80
77  706  59
77  881  44
77  925  56
77  977  88
129  157  47
129  201  87
129  223  86
129  257  77
129  456  43
129  630  82
129  738  4
129  762  89
129  919  54
129  972  71
154  342  16
154  350  31
154  455  64
154  676  83
154  755  68
154  770  67
154  781  34
412  441  62
412  469  20
412  534  46
412  744  32
412  824  59
426  545  17
426  647  30
426  681  35
426  760  55
426  784  84
899  942  1
899  956  14
921  958  25
939  948  48
24  152  35
24  295  99
24  336  25
24  431  43
24  457  19
24  688  96
24  787  76
24  814  43
24  936  12
152  167  40
152  186  48
152  326  21
152  791  94
152  816  17
152  987  5
295  502  71
295  540  30
295  660  93
431  513  67
431  678  88
431  772  2
431  823  37
431  942  83
431  960  20
787  872  63
787  916  61
787  929  29
787  961  19
814  867  68
814  871  57
936  978  32
25  184  50
25  273  55
25  455  23
25  513  41
25  559  36
25  660  84
25  668  45
25  682  19
25  893  51
25  991  64
184  283  41
184  339  40
184  348  87
184  577  33
184  754  17
184  910  5
184  971  46
455  550  32
455  553  87
455  558  8
455  644  28
455  785  70
455  825  62
513  642  90
513  763  83
513  788  6
513  855  82
513  875  88
559  686  91
559  742  37
559  961  90
559  987  65
660  683  5
660  786  5
660  848  1
660  879  36
668  774  5
668  925  4
668  945  77
893  974  20
893  997  31
26  38  79
26  41  60
26  67  76
26  154  26
26  176  28
26  251  5
26  313  78
26  366  68
26  441  4
26  485  24
26  526  26
26  588  17
26  671  57
26  681  84
26  725  98
26  752  91
26  758  25
26  818  81
26  902  22
38  346  47
38  403  23
38  413  11
38  422  44
38  460  36
38  622  52
38  707  87
38  791  61
41  318  57
41  343  56
41  401  4
41  565  46
41  695  30
41  762  42
41  929  91
176  251  19
176  260  35
176  339  22
176  449  66
176  489  100
176  627  20
176  655  67
176  887  11
176  977  17
366  444  50
366  482  47
366  588  23
366  657  1
366  666  73
366  902  58
441  592  55
441  902  16
485  578  28
485  736  44
485  755  25
588  617  27
588  687  56
588  745  36
588  750  85
588  768  23
588  895  13
671  679  71
671  705  6
671  774  79
671  793  86
671  962  55
681  723  39
681  726  57
681  777  9
681  861  59
752  771  9
752  807  37
752  904  95
752  929  44
752  968  69
758  818  7
758  823  95
758  890  65
758  950  48
758  973  67
818  841  2
818  861  75
27  92  52
27  198  51
27  272  60
27  502  84
27  590  84
27  685  21
27  798  78
92  98  37
92  259  92
92  564  30
92  766  72
92  786  39
92  864  48
92  874  10
92  979  41
92  980  56
198  200  4
198  211  84
198  226  99
198  374  6
198  560  88
198  602  87
198  628  61
198  772  14
198  842  48
198  862  87
272  391  34
272  449  2
272  507  28
272  766  3
272  919  39
272  985  41
502  522  28
502  590  91
502  616  86
502  647  9
502  922  98
590  623  90
590  718  61
590  779  81
590  835  50
685  914  17
685  956  72
179  217  19
179  371  13
179  857  40
432  486  28
432  504  77
432  589  50
432  654  61
631  676  99
631  697  43
631  770  59
631  968  62
631  998  52
689  729  22
689  887  54
786  868  59
786  946  90
786  970  28
62  151  83
62  191  99
62  202  75
62  329  57
62  368  71
62  416  24
62  471  18
62  558  17
62  593  86
62  600  71
62  631  87
62  803  50
62  873  94
62  891  91
290  621  40
290  674  83
290  770  24
290  789  40
290  880  27
296  302  88
296  303  40
296  306  75
296  361  90
296  401  95
296  402  86
296  407  65
296  567  91
296  606  49
296  608  1
296  638  68
296  690  21
296  700  77
296  957  24
504  824  19
504  835  72
504  951  98
626  775  43
626  780  78
626  846  54
626  848  51
626  903  2
626  962  52
74  135  70
74  161  83
74  200  39
74  285  14
74  342  85
74  343  75
74  413  70
74  594  40
74  650  90
74  692  7
74  706  74
74  789  16
74  799  24
332  352  96
332  598  67
332  790  62
332  889  5
332  902  4
350  420  10
350  485  46
350  572  51
350  734  14
350  764  17
350  937  25
439  482  24
439  692  46
439  706  39
439  853  85
439  926  48
439  929  1
709  836  47
709  979  34
709  983  75
817  877  33
817  944  10
869  917  80
31  281  73
31  347  12
31  377  43
31  485  78
31  504  17
31  535  63
31  538  53
31  606  92
31  608  52
31  954  78
281  443  34
281  550  38
281  666  26
281  982  72
347  510  62
347  523  8
347  566  50
347  708  19
347  756  63
347  785  34
347  939  96
377  396  95
377  428  47
377  431  90
377  465  27
377  489  33
377  537  4
377  588  2
377  796  83
377  812  17
535  547  89
535  618  56
535  630  49
535  665  53
535  670  2
535  680  95
538  561  47
538  768  46
538  956  52
538  994  52
606  732  21
606  922  30
606  958  59
608  726  90
608  742  16
608  773  50
608  783  43
608  838  85
608  863  50
608  865  64
608  866  37
32  217  28
32  385  35
32  469  50
32  595  62
32  598  99
32  726  17
32  739  77
32  914  73
217  252  27
217  340  48
217  347  61
217  582  87
217  660  13
217  691  57
217  727  3
217  734  39
217  854  19
217  934  9
385  725  48
385  758  79
469  683  81
469  879  36
469  890  81
469  947  33
469  981  43
595  601  41
595  613  22
595  761  76
595  831  41
595  850  6
598  659  17
598  762  2
598  960  43
598  976  93
914  983  45
211  375  17
211  555  5
211  658  92
211  666  7
211  743  9
211  812  18
216  260  94
216  273  50
216  349  93
216  362  32
216  512  7
216  556  18
216  624  19
216  657  60
216  688  49
216  768  48
216  920  96
275  292  67
275  381  19
275  413  96
275  487  52
275  588  59
275  889  15
275  923  50
275  957  37
440  492  18
440  568  80
440  570  92
440  804  21
440  970  86
440  985  95
507  540  27
507  608  71
507  789  54
507  885  67
507  901  33
525  603  62
525  721  37
525  888  61
622  627  69
622  663  12
622  846  16
622  895  72
622  943  47
622  961  3
622  971  37
622  980  75
622  984  54
639  948  75
691  925  84
839  848  37
839  854  32
34  42  27
34  115  95
34  344  96
34  490  70
34  831  46
34  904  43
34  965  84
115  148  39
115  227  17
115  239  78
115  500  88
115  570  81
115  679  6
115  766  61
115  773  21
115  816  65
115  992  37
490  500  2
490  502  99
490  544  41
490  552  54
490  603  43
490  616  76
490  662  81
490  693  55
490  896  88
490  916  62
831  906  99
831  935  92
831  991  93
35  161  87
35  348  85
35  423  2
35  564  99
35  612  55
35  680  7
35  723  52
35  917  91
35  962  18
161  314  43
161  399  5
161  448  16
161  504  4
161  516  54
161  561  60
161  596  99
161  764  27
348  462  83
348  499  90
348  527  34
348  577  43
348  605  40
348  671  67
348  861  82
423  518  91
423  587  10
423  607  46
423  745  54
564  570  100
564  709  57
564  711  63
564  762  10
564  763  74
564  872  42
564  944  29
723  890  30
723  912  87
36  42  15
36  115  70
36  127  10
36  175  2
36  209  49
36  360  14
36  403  36
36  574  37
36  584  92
36  717  52
36  962  3
127  170  36
127  261  38
127  473  82
127  735  10
127  744  25
127  902  16
175  354  47
175  687  71
175  698  62
175  756  45
175  877  74
175  953  76
175  988  16
209  286  95
209  378  94
209  380  32
209  403  73
209  407  43
209  502  55
209  594  65
209  708  1
209  887  19
209  972  18
360  498  55
360  657  93
360  806  81
403  484  83
403  653  62
403  744  17
403  746  8
403  762  14
403  806  28
403  873  86
403  939  76
574  810  55
574  891  47
584  713  90
584  876  54
584  926  30
717  772  76
717  821  57
717  910  20
717  969  11
37  56  66
37  222  94
37  242  93
37  312  36
37  355  3
37  467  55
37  469  17
37  588  35
37  632  63
56  126  8
56  135  20
56  270  68
56  344  90
56  416  34
56  513  1
56  832  1
56  884  85
222  278  11
222  491  32
222  570  35
222  682  15
222  992  72
242  280  7
242  443  2
242  669  97
242  922  90
312  384  18
312  510  42
312  531  64
312  659  77
312  684  95
312  723  36
312  907  67
312  935  82
467  554  67
467  658  97
467  764  94
467  768  78
467  774  79
467  866  67
467  910  73
467  934  38
632  664  19
632  806  69
632  860  100
632  992  90
413  521  27
413  565  8
413  859  9
422  536  32
422  540  41
422  556  83
422  720  20
422  759  2
422  817  74
460  485  40
460  548  65
460  948  24
707  741  31
707  775  32
707  786  65
707  814  59
707  987  3
791  929  23
791  953  18
39  95  23
39  194  82
39  203  93
39  244  81
39  256  63
39  345  84
39  510  22
39  624  73
39  782  37
39  884  82
95  166  5
95  233  52
95  502  11
95  565  26
95  665  15
95  691  85
95  753  69
95  785  92
95  799  54
95  885  41
194  319  72
194  377  22
194  607  9
194  704  84
194  762  72
194  844  3
194  889  22
194  924  51
203  260  88
203  378  79
203  411  44
203  430  32
203  687  44
203  698  38
203  785  75
203  851  48
244  443  51
244  733  45
244  734  12
244  740  55
244  803  50
244  808  81
244  819  63
244  875  80
244  923  3
256  260  36
256  330  17
256  425  53
256  825  49
256  963  99
345  583  34
345  627  92
345  737  73
510  558  21
510  751  82
510  882  11
510  924  90
510  988  75
510  991  43
624  754  42
624  798  8
624  912  1
624  923  63
624  955  32
782  835  88
884  890  41
884  918  74
884  931  18
884  952  44
884  969  46
57  276  9
57  357  99
57  435  51
57  472  98
57  731  75
57  858  76
88  100  63
88  235  23
88  300  44
88  400  9
88  433  16
88  598  35
88  970  36
88  982  22
118  417  68
118  498  39
118  678  70
118  727  80
118  895  83
118  915  43
118  929  96
118  988  39
135  170  82
135  235  66
135  396  30
135  461  43
135  597  80
135  614  22
135  767  73
135  881  66
135  923  2
135  984  84
260  321  54
260  324  48
260  370  50
260  690  64
260  698  72
260  912  39
260  932  28
260  971  51
508  565  90
508  663  63
508  695  95
508  719  90
534  573  24
534  595  50
534  612  3
534  628  98
534  690  70
534  698  26
534  756  85
534  874  63
534  995  37
534  998  5
572  673  13
572  678  18
572  705  22
343  361  42
343  363  26
343  450  36
343  452  84
343  503  8
343  619  85
343  724  52
343  762  93
343  993  51
401  470  91
401  489  63
401  526  100
401  627  93
401  630  83
401  798  10
401  833  51
401  850  8
401  878  13
401  902  56
401  925  42
695  970  70
695  990  56
762  930  20
762  931  52
929  938  62
566  678  38
566  706  79
566  879  15
566  904  4
566  968  70
566  971  4
670  782  39
670  810  39
670  941  65
670  962  18
835  869  13
835  916  90
43  238  71
43  376  20
43  553  20
43  596  42
43  648  8
43  726  32
43  770  26
43  869  30
238  322  94
238  335  75
238  378  29
238  388  10
238  507  82
238  646  58
238  709  17
238  931  85
238  939  31
376  479  87
376  523  65
376  979  96
376  996  64
553  586  99
553  629  38
553  927  57
553  934  27
553  949  82
553  970  99
553  983  85
596  672  90
596  812  47
596  913  32
648  657  18
648  906  100
648  927  7
648  951  4
648  970  10
770  975  81
770  979  64
770  989  80
44  171  83
44  221  29
44  277  48
44  291  57
44  300  78
44  394  89
44  553  54
44  568  69
44  575  79
44  600  71
44  622  49
44  733  16
44  945  79
44  975  73
44  994  10
221  338  25
221  359  91
221  434  28
221  625  63
221  765  93
221  803  98
277  326  60
277  337  96
277  348  78
277  368  11
277  415  81
277  872  2
277  995  57
291  299  92
291  531  40
291  658  10
291  685  72
291  752  63
291  781  19
291  820  97
291  968  50
300  377  61
300  542  95
300  610  58
300  913  29
300  949  70
394  440  37
394  508  9
394  545  12
394  766  33
394  869  95
394  921  10
568  612  71
568  633  16
568  758  72
568  803  38
568  942  11
568  968  34
568  978  7
575  633  92
575  672  7
575  733  40
575  890  98
575  938  15
575  975  55
600  885  19
733  744  18
733  777  41
82  182  47
82  663  85
82  714  24
82  793  43
82  814  13
82  947  80
99  162  98
99  186  21
99  196  12
99  266  59
99  384  36
99  390  52
99  771  63
99  779  14
99  839  92
99  841  51
99  917  73
99  977  51
410  577  63
410  617  14
410  841  56
493  763  27
493  784  61
544  577  95
544  695  76
544  754  24
544  807  47
563  593  55
563  670  58
563  685  99
563  827  32
563  947  80
637  803  2
637  837  21
637  894  79
637  901  79
637  925  59
46  109  29
46  186  18
46  219  18
46  226  29
46  233  100
46  237  46
46  290  31
46  460  23
46  513  23
46  730  62
46  859  32
46  945  8
109  241  40
109  355  62
109  498  40
109  502  72
109  583  59
109  661  59
109  931  41
219  254  66
219  282  98
219  339  48
219  669  27
219  768  57
219  931  8
219  934  95
219  984  98
226  505  69
226  568  13
226  775  83
226  776  32
233  485  65
233  590  82
233  640  29
233  794  3
233  928  39
233  990  84
237  317  88
237  569  5
237  594  96
237  606  84
237  749  57
237  842  75
237  892  22
237  905  37
730  778  32
730  792  57
730  875  23
47  463  79
47  476  100
47  491  70
47  573  64
47  700  24
47  791  72
47  800  58
47  829  14
47  874  12
47  968  31
47  988  15
463  481  72
463  614  44
463  782  78
463  846  2
491  908  4
491  970  54
573  590  2
573  815  4
573  857  48
573  972  12
700  766  22
700  795  72
700  982  75
829  963  47
286  314  46
286  339  86
286  405  89
286  433  8
286  446  16
286  494  38
286  536  24
286  630  1
286  822  97
286  889  91
286  921  17
398  555  5
398  591  80
398  598  82
398  629  9
398  656  1
398  759  50
398  997  98
676  677  52
676  724  22
676  757  49
676  774  67
676  912  56
676  990  54
813  847  13
828  830  64
828  877  70
828  906  17
828  990  81
285  367  79
285  473  78
285  532  5
285  683  31
285  694  12
285  737  47
285  803  29
297  409  40
297  417  71
297  474  61
297  571  82
297  812  68
297  917  5
339  394  51
339  543  3
339  573  44
339  611  58
339  639  77
339  738  31
339  885  56
349  369  35
349  583  4
349  661  36
716  910  17
716  991  31
823  888  38
823  906  60
823  951  92
823  975  23
877  933  25
50  52  5
50  88  65
50  178  23
50  275  42
50  309  49
50  458  80
50  619  91
50  677  68
50  755  76
50  801  45
50  881  2
50  915  36
50  943  99
178  206  59
178  228  15
178  336  56
178  342  67
178  363  28
178  383  68
178  413  100
178  509  11
178  567  46
178  602  90
178  642  18
178  742  36
178  798  50
178  844  86
178  988  67
309  638  23
309  755  76
309  854  19
309  928  92
458  526  72
458  540  63
458  688  18
458  838  52
458  917  20
458  936  98
458  986  15
619  885  35
619  934  21
619  990  12
881  921  93
881  975  59
915  945  42
915  954  59
915  960  75
51  86  40
51  229  74
51  231  68
51  254  37
51  318  29
51  329  3
51  376  75
51  577  92
51  601  16
51  658  31
51  698  84
51  883  15
51  939  73
86  122  26
86  147  92
86  149  18
86  218  73
86  333  25
86  557  38
86  642  61
86  708  53
86  839  66
86  904  17
86  952  17
229  262  95
229  361  95
229  442  100
229  467  14
229  571  8
229  661  54
229  722  82
229  794  47
229  904  14
231  285  26
231  372  83
231  798  99
231  817  62
231  893  5
231  977  79
254  319  5
254  325  67
254  333  35
254  361  82
254  652  49
254  702  65
254  854  11
254  940  37
254  944  13
329  341  12
329  566  12
329  652  62
329  674  52
329  712  24
329  762  33
329  988  30
577  614  47
577  636  94
577  650  58
577  660  24
577  682  48
577  762  83
577  853  34
601  634  71
883  906  52
371  376  16
371  609  58
371  779  83
371  790  28
371  882  98
371  910  52
371  961  80
761  777  99
761  788  58
761  916  93
761  977  72
761  992  72
53  115  15
53  363  5
53  441  48
53  478  88
53  494  94
53  589  23
53  708  66
363  391  48
363  637  25
363  775  94
363  905  71
478  717  78
478  875  97
494  788  100
494  981  5
589  669  26
589  734  95
589  958  75
708  736  13
708  970  49
708  979  40
54  122  96
54  377  24
54  517  19
54  633  71
54  676  94
54  723  34
54  926  68
54  953  15
122  569  18
122  760  63
122  800  25
122  806  55
122  838  44
122  923  65
122  969  36
122  976  36
517  672  49
517  763  5
517  862  88
517  956  94
517  984  41
633  662  31
633  687  42
633  872  79
926  983  59
55  172  87
55  230  24
55  468  92
55  476  57
55  667  11
55  690  39
55  696  47
55  915  42
230  456  58
230  470  83
230  655  55
230  990  27
468  522  70
468  571  26
468  828  25
468  839  89
468  875  25
468  877  63
468  948  52
468  975  86
667  672  90
667  731  7
667  800  32
667  861  21
690  715  19
690  890  88
126  146  26
126  163  48
126  212  20
126  297  5
126  414  88
126  683  59
126  732  94
126  779  64
126  816  96
126  943  62
270  522  74
270  596  33
270  765  33
270  900  31
832  868  25
832  893  28
832  894  32
276  316  24
276  388  5
276  431  69
276  434  63
276  662  86
276  676  49
276  883  72
357  441  76
357  571  41
357  906  85
357  983  64
435  485  86
435  657  71
435  695  87
435  858  96
435  889  99
435  895  20
435  908  77
435  945  55
435  958  13
731  771  66
731  888  81
731  903  64
858  869  90
858  931  88
858  958  39
858  962  81
69  153  37
69  155  40
69  168  82
69  293  47
69  395  66
69  628  25
69  693  67
69  716  8
69  780  37
69  822  85
69  946  92
69  999  94
224  272  3
224  312  87
224  358  65
224  383  80
224  678  24
224  735  93
224  773  59
245  326  9
245  536  79
245  574  36
245  679  93
245  686  44
245  900  17
777  783  8
777  830  86
777  871  78
777  887  64
777  888  62
59  120  35
59  177  31
59  217  93
59  270  69
59  340  98
59  365  92
59  488  19
59  606  82
59  626  18
59  717  74
59  743  63
59  791  32
59  812  24
59  848  89
59  886  12
120  411  70
120  452  76
120  453  18
120  487  89
120  608  81
120  613  75
120  696  34
120  700  80
120  793  78
120  838  9
120  999  23
177  201  32
177  321  31
177  355  57
177  358  94
177  404  70
177  483  69
177  559  15
177  573  74
177  642  4
177  730  2
177  801  66
340  410  66
340  533  28
340  630  33
340  636  66
340  862  28
340  875  57
340  949  43
488  506  36
488  603  55
488  659  67
488  775  87
488  876  58
743  801  96
743  995  9
812  828  47
812  889  19
812  915  89
812  952  29
886  938  84
886  952  66
60  75  6
60  232  64
60  315  18
60  417  14
60  708  88
60  774  85
60  825  20
60  857  23
315  381  88
315  383  53
315  670  80
315  696  84
315  790  86
315  977  65
417  450  97
417  523  19
417  534  31
417  591  6
417  639  75
417  820  59
417  920  43
417  929  63
61  159  86
61  245  61
61  312  85
61  692  16
61  716  20
61  721  34
61  795  42
61  944  37
159  205  89
159  221  85
159  318  46
159  350  50
159  414  35
159  554  70
159  625  17
159  670  9
159  908  78
159  999  38
692  769  74
692  887  2
692  930  44
721  929  76
721  959  41
795  845  69
151  257  10
151  448  81
151  474  61
151  481  80
151  484  65
151  590  100
151  672  83
151  711  46
191  226  98
191  418  49
191  457  15
191  542  54
191  626  13
191  728  70
191  763  4
191  859  4
191  895  37
191  939  13
202  412  30
202  523  32
202  700  31
202  787  14
202  822  43
202  898  7
368  445  84
368  478  5
368  924  87
471  681  54
471  702  36
471  951  56
558  562  33
558  768  33
558  814  56
558  896  39
803  860  12
803  974  49
891  974  18
63  109  64
63  120  76
63  264  45
63  339  65
63  377  47
63  418  56
63  545  86
63  571  91
63  588  18
63  647  10
63  648  60
63  804  80
63  815  58
63  829  39
264  316  4
264  319  78
264  329  10
264  346  31
264  370  6
264  414  78
264  661  12
264  760  2
264  828  33
264  871  27
418  429  1
418  648  29
418  813  54
418  887  9
418  953  96
418  955  14
545  579  39
545  675  41
545  701  94
545  736  87
545  740  9
545  774  44
545  826  80
545  926  57
571  575  78
571  743  90
571  811  1
571  816  56
571  829  69
571  874  23
647  742  31
647  917  94
647  999  89
804  808  14
804  882  14
804  923  54
804  932  52
804  948  94
64  569  29
64  620  29
64  804  77
64  838  60
64  841  31
64  901  90
64  924  19
64  928  66
64  935  62
569  817  25
569  917  48
569  924  93
620  662  22
620  764  40
620  783  88
620  799  88
620  824  11
620  833  69
620  901  91
838  951  82
935  941  29
935  994  21
65  80  6
65  162  63
65  192  98
65  303  6
65  402  88
65  688  3
65  734  87
65  797  36
65  833  24
65  849  82
65  869  22
65  951  45
80  88  36
80  90  25
80  133  25
80  502  37
80  774  20
80  933  55
162  167  47
162  565  39
162  575  50
162  583  66
162  591  15
162  664  10
162  720  23
192  281  25
192  334  80
192  363  35
192  429  9
192  669  38
192  766  9
192  782  79
192  832  99
192  879  58
192  996  73
303  328  89
303  563  75
303  612  52
303  669  2
402  466  45
402  551  8
402  598  2
402  630  98
402  716  72
402  803  34
402  887  38
402  906  74
402  986  53
402  999  75
734  928  66
734  952  85
833  862  30
849  866  68
849  965  13
66  237  8
66  315  22
66  420  3
66  553  47
66  698  44
66  756  56
66  868  23
66  882  12
756  879  45
756  905  43
868  934  13
868  972  63
868  973  15
243  367  74
243  399  48
243  546  71
243  600  1
243  880  88
243  973  12
500  583  74
500  661  29
500  747  29
500  860  96
805  812  40
805  833  100
805  891  84
805  985  13
68  230  19
68  244  98
68  251  87
68  264  30
68  534  14
68  593  1
68  678  71
68  985  97
68  992  92
153  178  62
153  262  1
153  359  51
153  423  29
153  542  51
153  569  19
153  588  49
153  693  4
153  817  82
153  902  45
153  943  75
168  439  82
168  659  39
168  867  13
168  887  30
168  924  69
293  478  40
293  500  64
293  613  64
293  628  59
293  741  83
293  759  51
293  809  100
293  811  36
293  818  86
293  992  41
395  496  58
395  857  80
628  700  36
628  789  2
628  882  28
693  771  12
693  957  68
780  892  2
780  946  17
822  868  93
822  928  72
70  167  36
70  289  2
70  695  57
70  782  35
70  825  78
167  258  6
167  322  17
167  332  32
167  674  47
167  785  46
167  824  72
289  309  94
289  519  48
289  582  53
289  663  84
289  791  15
289  841  53
327  382  20
327  388  61
327  620  78
327  668  71
327  856  5
327  903  6
772  810  6
772  841  45
772  896  50
72  276  49
72  530  100
72  564  25
72  639  44
72  782  36
72  793  72
72  870  12
72  872  18
530  546  38
530  677  80
530  732  13
530  802  23
530  849  38
530  904  14
73  158  15
73  287  6
73  475  20
73  731  56
158  199  9
158  236  82
158  241  52
158  338  54
158  361  75
158  390  11
158  430  98
158  490  84
158  569  70
158  814  96
158  826  28
158  950  95
158  956  5
475  565  75
475  570  27
475  665  14
475  724  28
475  753  40
475  906  20
475  951  7
200  278  61
200  344  75
200  361  65
200  383  3
200  442  99
200  505  20
200  569  2
200  660  58
200  786  16
200  797  9
200  829  59
200  839  16
200  889  29
200  903  44
200  934  81
342  430  47
342  478  38
342  508  27
342  673  52
342  773  47
342  778  92
342  900  12
342  950  73
342  962  62
594  822  45
594  842  20
594  933  16
594  945  86
650  706  42
650  715  79
650  859  30
706  983  59
799  872  85
799  876  92
190  384  63
190  448  75
190  453  11
190  515  49
190  588  20
190  819  64
579  655  24
579  679  43
579  696  57
579  757  23
579  759  65
579  788  83
579  807  76
579  843  7
579  943  69
732  778  14
732  836  95
742  759  49
742  974  10
742  985  95
742  995  9
132  216  14
132  320  29
132  405  67
132  496  13
132  565  53
132  712  10
132  721  76
132  743  50
602  736  17
602  756  20
602  812  30
602  835  89
78  110  37
78  266  7
78  442  26
78  944  46
78  962  1
78  994  10
442  450  54
442  461  7
442  524  43
442  542  5
442  590  93
442  592  99
442  707  40
442  746  31
442  866  58
442  913  15
442  944  63
79  90  54
79  155  57
79  221  39
79  359  36
79  395  57
79  498  44
79  636  54
79  864  33
90  115  8
90  174  54
90  292  18
90  357  72
90  399  13
90  480  69
90  492  69
90  591  38
90  612  35
90  736  54
90  796  23
90  804  89
90  925  41
90  934  29
90  980  51
359  461  84
359  474  13
359  475  1
359  500  38
359  554  85
359  716  39
359  727  68
359  784  22
359  882  81
498  573  36
498  628  88
498  714  92
498  769  87
498  771  39
498  968  39
636  684  72
636  703  15
636  777  76
636  886  68
636  985  77
133  134  15
133  141  62
133  241  69
133  320  18
133  327  26
133  501  68
133  562  31
133  608  85
133  702  28
133  710  28
133  746  17
133  747  6
133  925  98
133  926  19
133  957  98
133  987  33
933  935  2
81  101  30
81  112  28
81  167  52
81  277  5
81  288  94
81  343  89
81  518  27
81  620  42
81  626  32
81  678  33
101  229  9
101  282  21
101  335  25
101  399  89
101  400  63
101  454  60
101  648  62
101  655  1
101  892  29
112  492  66
112  515  34
112  774  71
112  803  94
112  985  60
112  991  89
288  296  69
288  811  55
288  835  76
518  617  70
518  664  65
518  875  70
518  950  55
518  959  50
182  534  48
182  637  47
182  675  85
182  692  83
182  802  51
182  914  65
182  926  92
182  943  100
182  947  39
663  773  9
663  832  90
663  889  30
714  831  75
714  896  2
83  209  88
83  358  34
83  632  59
83  663  60
83  843  55
83  871  51
83  872  40
83  912  45
358  464  82
358  590  67
358  643  45
358  671  69
358  757  4
358  817  39
358  931  12
871  967  54
84  137  64
84  166  15
84  238  69
84  297  75
84  475  98
84  532  27
84  544  68
84  923  60
84  975  51
137  142  23
137  154  12
137  367  61
137  402  15
137  458  97
137  535  98
137  542  42
137  603  36
137  682  92
137  712  39
137  717  17
137  723  12
137  747  73
137  910  87
166  195  93
166  203  97
166  546  22
166  590  14
166  748  58
166  820  30
166  963  83
532  537  73
532  584  35
532  666  27
532  792  45
923  996  100
400  416  79
400  735  54
400  773  49
549  739  44
549  794  70
549  855  53
854  896  51
854  910  97
854  911  67
854  921  16
854  947  64
854  965  63
854  972  36
854  997  62
147  157  25
147  159  88
147  344  50
147  837  79
147  928  64
218  250  34
218  322  88
218  325  51
218  561  37
218  583  43
218  770  88
333  427  43
333  455  48
333  537  53
333  597  64
333  602  91
333  730  61
333  816  41
557  645  26
557  695  50
642  652  94
642  656  46
642  692  36
642  752  23
642  953  22
98  125  31
98  226  63
98  242  63
98  248  23
98  299  17
98  397  84
98  427  88
98  577  83
98  595  25
98  646  32
98  791  80
98  873  93
98  945  82
104  123  98
104  253  13
104  285  32
104  373  87
104  406  45
104  471  92
104  520  89
104  531  5
104  543  68
104  567  15
104  654  95
104  909  17
414  456  35
414  490  15
414  511  77
414  600  48
414  627  10
444  544  71
444  640  66
100  183  68
100  316  43
100  374  53
100  441  57
100  461  70
100  577  48
100  610  78
100  620  29
100  630  37
100  675  40
100  677  30
100  848  77
100  878  29
100  904  62
235  338  12
235  385  12
235  434  41
235  440  59
235  487  82
235  612  63
235  616  44
235  621  51
235  809  20
235  914  48
433  652  33
433  654  3
433  809  55
433  929  67
433  963  100
89  354  81
89  376  37
89  530  39
89  796  85
89  813  64
89  960  41
89  968  96
354  381  43
354  385  74
354  426  95
354  432  40
354  532  25
354  646  84
354  650  75
354  661  13
354  779  77
354  795  87
796  807  84
796  913  22
796  937  11
174  285  83
174  287  26
174  521  37
174  529  62
174  567  78
174  733  96
174  824  18
174  992  41
292  570  51
292  601  61
292  713  38
292  765  10
292  818  17
292  847  39
292  862  19
292  894  83
292  926  40
292  976  81
399  431  88
399  585  88
399  680  71
399  711  44
399  911  38
480  616  80
480  829  89
480  866  38
480  888  21
480  907  30
480  982  23
91  111  73
91  129  21
91  136  27
91  185  15
91  440  52
91  461  55
91  508  7
91  624  26
91  726  54
91  870  93
91  879  46
111  217  14
111  375  72
111  526  59
111  595  57
111  852  67
136  137  69
136  278  28
136  708  98
136  736  55
136  771  30
136  815  54
136  897  9
136  914  71
136  942  68
185  274  6
185  305  98
185  456  22
185  535  30
185  542  29
185  628  9
185  906  64
461  691  21
461  772  37
461  778  43
461  867  4
461  879  8
461  902  46
259  475  65
259  622  95
259  822  54
259  845  30
93  127  44
93  347  67
93  493  89
93  533  81
93  573  48
93  771  7
93  783  32
93  869  39
93  883  96
93  967  59
533  590  70
533  739  95
533  838  29
533  892  13
771  778  23
783  830  5
783  858  47
783  934  66
783  951  69
94  168  11
94  191  45
94  232  54
94  310  91
94  343  94
94  480  53
94  736  9
94  898  24
94  958  50
310  445  65
310  455  42
310  791  94
310  842  5
310  891  6
958  993  100
753  836  47
785  928  93
96  182  59
96  194  96
96  237  29
96  463  43
96  583  72
96  793  84
96  830  76
96  848  44
96  919  80
583  635  25
583  780  28
583  993  81
919  949  8
919  998  33
97  164  28
97  266  78
97  315  32
97  334  93
97  495  16
97  509  84
97  597  22
97  618  61
164  246  72
164  432  19
164  461  42
164  513  93
164  722  83
164  924  51
495  570  45
495  731  12
495  803  84
597  614  9
597  733  68
597  818  40
597  886  1
597  892  6
618  624  63
618  761  29
125  149  73
125  232  10
125  251  17
125  289  80
125  405  60
125  440  8
125  484  81
125  876  50
248  289  27
248  309  78
248  328  37
248  385  93
248  452  78
248  611  75
248  704  34
248  730  9
248  746  57
248  927  30
248  957  29
248  993  62
299  330  74
299  342  100
299  517  87
299  637  51
299  675  82
299  683  48
299  778  70
397  463  31
397  536  35
397  607  36
397  693  82
427  631  74
427  721  82
427  819  20
427  890  2
427  933  26
646  706  63
646  712  51
646  765  70
646  815  76
646  902  25
196  367  65
196  425  45
196  813  92
196  909  35
196  950  72
196  997  14
384  421  49
384  471  18
384  585  55
384  656  86
384  809  68
384  968  85
390  413  62
390  447  48
390  612  31
390  637  20
390  883  28
390  887  70
390  948  37
779  944  25
183  185  72
183  203  36
183  205  56
183  252  30
183  328  80
183  357  91
183  542  23
183  595  46
183  680  97
374  473  2
374  496  53
374  546  10
374  576  44
374  607  92
374  735  59
374  820  31
374  867  46
610  899  81
610  957  92
610  962  31
630  744  25
630  922  58
675  779  78
675  788  29
878  890  17
282  312  12
282  430  30
282  490  66
282  783  37
282  991  54
335  570  76
335  641  62
335  655  52
335  856  75
655  821  36
655  855  82
655  959  16
519  529  30
519  824  4
519  867  86
748  777  85
748  794  98
748  934  61
748  952  21
103  222  34
103  508  64
103  549  68
103  609  91
103  727  43
103  822  49
103  936  62
103  985  43
609  769  45
609  922  42
123  163  16
123  540  58
123  655  60
123  719  92
123  743  2
123  749  59
123  927  77
253  283  50
253  337  99
253  570  75
253  633  80
253  737  71
253  971  5
253  981  59
373  400  82
373  471  20
373  509  28
373  572  72
373  723  63
373  820  98
373  843  87
373  860  21
373  932  51
406  447  24
406  451  45
406  560  92
406  698  38
406  793  43
406  799  46
406  810  86
406  821  18
406  844  98
406  876  31
520  583  83
520  712  6
520  767  86
520  864  16
520  908  71
520  982  7
520  986  16
567  568  40
567  840  14
105  139  62
105  266  95
105  285  81
105  293  88
105  370  87
105  513  54
105  862  19
105  954  53
139  299  42
139  361  20
139  397  46
139  578  13
139  588  9
139  630  33
139  633  8
139  993  36
862  877  77
862  989  65
106  166  96
106  263  19
106  271  29
106  316  9
106  577  80
106  594  14
106  669  94
106  734  41
106  840  17
106  949  6
263  426  58
263  496  88
263  622  88
263  626  85
263  752  31
263  768  4
669  702  11
669  733  49
669  739  82
669  766  34
669  790  78
669  824  79
669  906  87
669  987  69
949  988  45
107  145  52
107  320  76
107  391  2
107  426  43
107  621  64
107  755  11
107  899  79
391  450  76
391  510  17
391  546  86
391  665  63
391  730  45
108  109  86
108  157  38
108  158  44
108  246  37
108  390  89
108  394  6
108  664  67
108  726  45
108  770  88
108  847  87
108  939  5
108  950  88
108  951  74
157  204  8
157  248  77
157  251  97
157  559  90
157  651  89
246  292  48
246  493  100
246  605  60
246  627  44
246  635  12
246  658  39
246  966  68
664  842  96
664  963  98
664  997  76
664  998  15
847  887  25
950  981  39
241  303  52
241  451  21
241  498  18
241  515  88
241  535  29
241  547  18
241  719  68
241  774  89
241  822  9
241  850  45
241  884  94
661  949  18
262  305  78
262  530  12
262  567  31
262  612  54
262  637  16
262  656  17
262  785  40
262  827  63
262  941  83
269  278  97
269  383  77
269  442  9
269  510  51
269  565  4
269  636  37
269  650  65
269  654  12
269  712  45
269  723  78
269  845  47
269  885  9
269  969  82
305  310  53
305  351  56
305  513  29
305  542  15
305  763  33
305  887  81
386  420  60
386  645  9
386  726  1
386  835  45
386  920  32
487  566  25
487  617  99
487  697  11
487  852  16
487  958  57
487  972  62
515  826  73
515  889  16
515  894  11
515  936  89
113  472  52
113  547  1
113  615  29
113  792  70
113  806  35
113  886  75
113  948  72
547  552  4
547  571  82
547  573  6
547  605  49
547  716  98
547  891  19
806  860  61
114  222  60
114  345  28
114  587  72
114  693  72
114  755  25
114  757  71
114  765  100
114  814  85
114  826  15
114  926  50
587  594  39
587  596  22
587  686  39
587  708  57
587  906  19
587  963  74
765  777  44
765  918  6
765  924  1
227  534  72
227  594  12
227  743  50
227  899  38
239  249  74
239  305  1
239  400  32
239  785  99
239  953  19
239  996  3
570  845  46
570  874  6
570  977  34
773  794  27
773  803  2
816  823  4
816  829  35
816  867  63
116  173  2
116  196  95
116  300  95
116  468  10
116  488  49
116  501  56
116  864  25
116  925  19
116  927  11
116  950  19
116  968  45
116  992  40
173  421  94
173  448  29
173  513  59
173  835  57
173  872  8
173  995  28
501  628  8
501  675  51
501  805  59
501  872  55
501  905  13
117  145  6
117  184  80
117  383  24
117  428  29
117  468  91
117  711  92
117  735  39
117  821  50
117  864  16
117  920  67
383  393  27
383  539  4
383  618  75
383  673  62
383  716  68
383  719  45
383  774  4
383  825  76
383  940  72
383  999  94
428  459  69
428  757  43
428  841  34
428  866  59
711  824  51
711  838  78
735  854  5
735  906  90
821  831  56
821  932  79
920  924  58
119  253  35
119  368  31
119  396  20
119  521  34
119  566  14
119  588  32
119  696  18
119  857  32
119  878  57
119  907  19
119  920  39
453  744  28
453  799  78
453  838  9
613  645  40
613  764  54
613  771  5
613  773  91
121  233  69
121  234  5
121  270  8
121  317  95
121  521  36
121  557  4
121  656  13
121  760  83
121  881  47
121  954  76
121  985  5
121  998  85
234  319  6
234  342  97
234  557  51
234  705  11
234  723  42
234  825  65
234  853  46
317  403  79
317  404  4
317  405  56
317  512  30
317  697  13
317  773  38
317  798  1
317  818  86
656  931  89
656  948  52
656  951  25
163  678  72
163  739  47
163  743  84
163  913  68
163  935  20
540  572  65
540  936  79
719  924  90
749  761  70
749  837  46
124  132  50
124  133  90
124  142  76
124  298  13
124  518  74
124  553  6
124  826  42
124  875  63
124  930  37
142  297  81
142  351  88
142  576  65
142  705  52
142  761  40
142  818  2
142  892  27
142  899  33
142  904  70
298  320  75
298  343  3
298  499  66
298  561  91
298  714  95
298  728  3
298  780  82
298  785  58
298  873  8
298  880  52
298  988  15
875  901  85
876  891  71
876  922  74
146  221  46
146  314  57
146  478  2
146  488  44
146  548  21
146  626  67
146  630  42
146  824  77
146  835  57
146  866  57
146  975  16
146  987  38
683  688  47
744  752  8
744  847  9
744  931  83
744  997  19
128  295  82
128  305  87
128  325  79
128  350  42
128  383  58
128  403  3
128  421  69
128  763  12
128  842  8
128  946  80
421  591  69
421  593  91
421  739  8
421  817  17
421  853  23
421  868  69
763  772  1
763  773  14
763  943  86
201  281  81
201  861  93
201  892  44
201  931  22
223  235  19
223  443  90
223  471  30
223  667  56
223  731  52
223  739  12
223  784  65
223  983  88
456  521  1
456  559  66
456  579  80
456  632  36
456  795  40
456  860  68
456  926  71
456  943  12
456  968  92
456  999  43
738  758  19
738  817  51
738  886  2
738  896  10
738  902  96
738  909  13
130  140  40
130  323  92
130  417  87
130  449  14
130  531  74
130  629  91
130  638  47
130  817  68
130  874  91
130  902  5
130  915  81
140  148  34
140  264  10
140  341  82
140  363  68
140  375  78
140  495  58
140  567  64
140  611  22
140  636  54
140  717  66
140  874  73
140  879  97
140  982  10
629  693  1
837  845  2
496  520  99
496  634  42
496  637  93
496  777  95
141  307  16
141  541  89
141  658  9
141  738  41
141  748  90
141  861  61
141  875  83
141  914  71
562  741  100
562  897  23
562  949  24
702  816  68
702  986  32
710  757  77
710  774  94
710  930  8
957  978  83
144  176  95
144  193  43
144  268  91
144  313  18
144  316  22
144  640  91
144  739  59
144  956  3
614  642  65
614  757  13
278  441  76
278  509  49
278  709  25
278  881  62
542  721  55
542  791  32
542  847  3
603  729  71
603  775  78
603  977  70
802  993  58
361  520  88
361  551  18
361  599  60
361  660  67
361  762  40
361  773  69
361  817  2
361  837  76
361  858  30
578  783  71
578  983  100
993  994  59
341  683  33
341  794  25
307  390  62
307  400  81
307  507  79
307  531  62
307  537  57
307  646  83
307  669  21
307  763  75
307  808  14
307  845  84
307  971  38
861  895  81
351  686  9
351  694  12
351  870  83
351  891  89
351  987  21
705  718  26
143  505  16
143  563  59
143  680  48
143  848  51
505  829  53
505  951  96
193  324  93
193  486  38
193  606  61
193  698  6
193  756  9
193  784  14
193  922  92
193  991  18
640  693  5
640  722  21
640  754  65
640  817  44
640  930  62
640  946  20
640  966  30
640  977  46
956  976  18
319  405  89
319  463  42
319  498  7
319  638  85
319  857  37
319  965  10
314  574  27
314  615  25
314  742  29
314  771  63
314  800  12
314  803  24
314  861  89
548  654  35
548  850  87
548  932  61
866  878  50
866  959  22
195  220  58
195  255  78
195  285  73
195  341  26
195  593  86
195  652  75
195  766  12
195  840  81
195  895  70
195  915  99
215  535  66
215  540  75
215  605  66
215  639  93
215  750  79
379  478  7
379  572  84
379  647  26
379  681  85
430  462  17
430  475  98
430  559  63
430  701  75
430  901  56
430  937  56
489  602  68
489  603  47
489  619  30
489  675  25
489  719  67
489  770  21
489  778  50
489  921  95
489  965  87
489  971  77
776  777  54
776  945  94
474  490  74
474  534  13
474  641  7
474  642  58
474  677  42
474  686  27
474  844  92
474  901  23
474  914  3
474  966  40
474  977  47
672  788  33
672  912  6
672  986  71
326  330  27
326  377  100
326  472  63
326  780  26
156  180  44
156  230  83
156  237  99
156  318  80
156  368  73
156  493  77
156  515  44
156  614  48
156  781  33
156  800  67
156  833  26
156  864  90
156  939  53
180  216  53
180  388  76
180  397  38
180  454  64
180  459  90
180  482  37
180  531  63
180  553  17
180  949  68
204  652  40
204  681  65
204  988  50
651  657  56
651  730  12
651  816  76
651  818  6
651  831  29
651  965  34
199  311  64
199  454  81
199  464  9
199  733  28
199  826  44
199  972  41
236  662  50
236  764  98
236  861  23
236  949  36
236  978  86
236  982  41
338  457  85
338  461  87
338  482  69
338  744  67
338  762  68
338  925  98
205  373  30
205  426  43
205  480  84
205  483  41
205  626  57
205  878  91
205  942  3
554  672  22
554  925  58
554  934  11
554  947  49
160  192  78
160  197  20
160  292  97
160  331  23
160  495  62
160  659  19
160  679  57
160  895  27
160  912  81
197  328  75
197  380  9
197  438  89
197  440  90
197  545  27
197  691  44
197  921  40
197  933  53
659  772  13
659  785  25
659  889  83
659  890  26
659  933  24
764  815  7
764  853  59
764  913  29
720  752  100
720  796  47
720  805  43
720  834  41
722  845  21
722  957  1
419  465  19
419  629  32
419  734  17
419  770  36
419  810  11
419  821  5
470  492  31
470  546  60
470  605  12
470  636  57
470  759  26
470  847  99
470  876  85
470  884  44
470  943  8
470  969  38
684  828  91
684  939  90
754  796  42
754  897  37
754  898  52
754  975  43
941  979  56
546  557  42
546  605  58
546  706  61
546  804  51
546  837  40
546  863  88
820  833  26
820  897  15
820  938  12
820  973  25
820  974  89
820  995  79
258  581  85
258  983  57
322  587  90
322  633  56
322  832  9
322  839  99
322  877  36
322  928  50
322  979  63
322  984  4
616  667  84
616  796  96
616  839  76
616  992  24
966  976  40
635  664  46
635  752  84
635  763  3
635  894  53
635  987  34
635  997  87
486  534  55
486  631  23
486  740  27
486  744  5
486  796  67
486  923  57
529  533  14
529  679  97
529  753  54
529  823  53
529  995  99
687  790  34
687  914  55
321  669  50
321  723  14
321  790  41
321  791  72
321  827  85
321  938  41
483  657  62
483  705  70
483  718  97
483  935  30
206  311  53
206  349  34
206  410  26
206  752  96
206  826  30
228  232  77
228  240  99
228  247  36
228  286  100
228  624  55
228  754  45
228  759  38
388  556  81
388  734  48
388  826  55
388  954  49
459  600  19
459  754  49
459  908  45
459  922  57
482  526  86
482  724  45
482  807  45
181  246  66
181  299  37
181  432  32
181  451  100
181  494  20
181  705  81
181  814  94
181  890  45
451  503  40
451  728  52
451  806  15
451  891  91
451  892  75
451  926  10
451  948  91
890  908  93
252  310  99
252  356  86
252  509  22
252  544  55
252  582  60
252  637  65
252  649  69
252  858  85
328  441  86
274  335  96
274  366  82
274  730  33
274  777  70
274  861  5
274  902  68
437  482  10
437  981  74
187  295  60
187  343  51
187  370  30
187  608  75
187  723  89
188  231  55
188  238  38
188  267  96
188  499  87
188  519  84
188  889  8
267  570  39
267  572  83
267  697  52
267  858  8
267  894  18
499  584  12
499  656  7
499  728  14
499  968  45
634  797  76
634  958  86
429  643  76
429  670  90
429  682  98
429  730  35
429  804  48
429  911  67
324  430  22
324  704  70
324  844  28
324  857  88
324  896  51
324  927  69
324  956  37
324  976  64
220  403  5
220  475  91
220  485  28
220  660  73
220  866  14
255  428  78
255  430  64
255  470  79
255  500  18
255  522  60
255  602  45
255  677  66
255  830  2
255  957  55
425  838  85
425  861  33
380  639  84
380  665  14
380  737  85
380  744  20
380  749  93
380  832  1
380  906  59
438  587  93
438  981  18
438  994  81
560  573  74
560  917  83
560  971  22
311  360  33
311  467  11
311  529  57
311  553  18
311  569  80
311  656  54
311  730  26
311  783  35
311  967  44
464  723  49
464  885  38
464  889  35
464  891  76
464  921  12
903  951  58
903  982  60
523  534  45
523  884  77
523  915  96
378  404  80
378  605  6
378  855  8
378  890  57
378  909  37
378  969  16
378  990  5
851  988  25
208  348  53
208  542  35
208  614  61
208  760  75
208  763  46
407  579  27
407  677  30
407  804  59
407  968  65
210  379  50
210  457  6
210  477  72
210  583  45
210  616  91
210  847  10
210  909  93
477  493  34
477  526  12
477  580  21
477  618  2
477  636  62
477  674  28
477  720  92
477  749  89
477  860  92
477  907  31
477  936  75
477  967  89
213  265  50
213  277  46
213  301  50
213  348  16
213  362  18
213  514  8
213  625  70
213  753  100
643  725  57
643  839  42
643  965  34
643  975  40
745  781  32
745  811  73
745  831  19
745  834  53
745  901  74
745  945  67
265  276  36
265  449  65
265  471  30
265  819  19
265  827  97
265  833  51
265  887  12
265  933  92
265  979  31
301  312  20
301  458  43
301  530  67
301  584  68
301  593  78
301  764  50
301  773  61
301  799  69
301  882  12
301  937  83
514  709  33
514  765  11
514  866  51
214  277  98
214  327  28
214  400  95
214  557  34
214  620  29
214  647  89
214  787  26
214  794  72
794  816  70
605  675  67
605  809  79
556  593  60
556  635  77
556  738  95
556  741  57
556  755  11
556  846  23
556  873  28
556  982  23
657  754  72
657  806  91
657  828  53
657  898  68
768  889  55
582  616  43
582  770  87
582  775  83
582  805  62
250  566  100
250  647  93
250  848  99
250  856  92
250  930  10
434  435  30
434  456  84
434  469  51
434  483  20
434  516  12
434  527  31
434  698  4
434  874  78
434  880  94
434  917  67
443  649  52
443  796  18
443  831  70
443  832  100
443  933  42
443  984  29
393  452  42
393  497  68
393  573  95
393  730  11
445  566  89
445  588  87
445  696  16
445  709  78
445  721  31
445  830  44
445  955  88
445  980  78
445  989  69
497  528  84
497  628  98
497  820  80
497  876  46
497  933  86
536  719  53
536  823  85
536  861  100
536  900  4
536  918  44
536  951  4
775  988  36
240  337  81
240  388  90
240  432  97
240  463  1
240  541  19
240  603  96
240  735  2
240  867  83
240  900  98
240  991  75
759  787  41
759  947  43
465  692  81
465  807  89
585  615  29
585  738  95
585  749  10
585  812  83
585  843  48
585  862  10
853  900  48
853  920  88
853  948  11
978  990  57
905  949  51
905  991  42
905  995  80
249  262  96
249  308  54
249  310  9
249  337  33
249  390  70
249  474  100
249  489  28
249  492  90
249  499  1
249  812  79
249  818  26
337  347  13
337  449  10
337  605  24
337  642  99
337  664  86
337  951  31
900  994  76
850  986  46
280  341  23
280  357  39
280  362  58
280  735  87
280  765  69
280  814  36
280  869  28
973  980  44
808  924  40
353  420  87
353  474  49
353  563  89
353  689  80
353  727  55
353  834  46
353  862  94
353  956  5
911  938  54
911  951  65
911  977  27
356  434  1
356  453  47
356  528  32
356  696  70
356  833  32
522  670  31
330  378  27
330  452  76
330  550  62
330  783  59
330  949  29
599  652  22
599  655  95
599  657  78
599  939  84
392  513  2
392  648  21
392  691  53
392  707  32
392  716  44
673  831  43
673  918  41
673  971  49
697  723  61
697  784  36
697  791  69
389  573  13
389  681  72
389  689  39
389  780  63
389  860  12
389  861  69
389  915  21
718  749  95
718  820  51
846  848  55
846  903  27
846  904  89
846  912  76
846  987  63
846  998  40
381  427  3
381  468  63
381  492  50
381  641  7
381  976  40
381  995  39
279  518  12
279  589  36
550  867  45
462  630  94
462  804  54
462  822  35
462  927  82
462  971  25
462  974  75
807  854  65
807  898  1
807  899  67
807  983  87
284  302  21
284  334  35
284  347  43
284  370  36
284  374  19
284  428  52
284  541  18
284  624  64
284  652  52
284  682  62
284  762  56
284  900  26
284  977  95
302  317  32
302  327  48
302  351  49
302  569  60
302  588  16
302  593  66
302  705  45
302  734  88
302  878  85
694  752  52
694  821  56
694  853  20
446  476  61
446  571  100
446  606  68
446  753  96
446  851  28
446  916  61
446  939  52
446  986  83
741  792  33
741  883  92
741  891  29
387  459  36
387  759  27
387  773  31
387  780  76
387  807  23
387  819  98
424  631  11
424  663  61
424  746  58
424  806  94
424  844  76
424  853  94
424  880  45
424  923  10
306  334  4
306  402  51
306  434  73
306  871  10
306  951  89
306  987  32
409  455  9
409  601  84
409  634  98
409  736  70
409  759  79
409  861  25
778  782  6
778  971  2
304  418  1
304  422  92
304  534  1
304  584  11
304  619  42
304  789  67
304  844  94
304  867  21
304  940  32
304  960  29
537  801  18
537  822  44
537  938  26
537  943  57
790  991  22
938  993  40
364  369  55
364  403  1
364  508  78
364  550  49
364  661  80
364  807  96
364  810  38
364  838  84
364  880  55
364  910  51
641  765  32
641  797  37
641  831  89
641  930  14
641  955  77
641  973  24
641  996  71
450  563  18
450  623  53
450  693  40
450  794  76
450  928  84
724  836  59
724  997  78
860  912  97
527  619  100
527  763  44
527  776  24
527  911  36
527  994  74
369  446  78
369  511  38
369  543  2
369  614  75
369  659  44
369  760  8
369  968  83
834  848  73
528  727  12
528  917  74
528  924  26
528  927  37
551  624  4
551  675  20
551  760  30
551  823  69
551  899  54
551  946  84
888  925  36
586  588  30
586  702  19
586  711  15
586  720  92
586  757  36
586  788  27
586  888  48
479  499  65
479  519  14
479  542  19
479  603  64
479  676  40
479  718  73
855  932  97
539  589  93
539  709  2
539  727  40
539  758  79
539  762  17
539  860  92
539  911  44
645  713  58
645  961  91
447  524  40
447  589  76
447  650  34
447  652  40
447  663  63
447  796  64
447  800  5
447  852  24
447  893  61
447  900  37
617  620  97
617  660  91
617  676  57
617  727  99
617  823  56
617  846  48
617  965  38
701  713  44
701  917  91
701  938  59
436  471  36
436  472  72
436  519  46
436  923  73
592  604  69
592  657  84
592  730  71
592  896  50
592  948  83
592  980  95
524  839  25
524  850  20
524  915  46
552  553  16
552  770  84
552  808  32
552  867  42
552  885  80
552  893  81
644  661  72
644  800  34
644  843  61
703  767  76
703  794  16
703  812  28
703  944  4
580  819  68
580  925  66
506  628  35
506  705  95
506  776  27
506  782  68
506  935  13
788  994  23
769  783  70
769  875  59
769  897  99
769  925  55
751  840  79
751  867  36
751  957  47
751  994  39
604  650  49
604  756  84
604  844  80
604  918  59
604  951  94
604  959  66
604  978  9
959  997  30
729  914  66
729  920  15
