100
498
0  1  83
0  9  49
0  13  40
0  15  82
0  16  17
0  35  12
0  55  93
0  66  51
0  73  75
0  75  11
0  76  87
0  90  79
0  99  6
1  18  86
1  20  73
1  27  54
1  31  50
1  32  54
1  34  31
1  36  67
1  59  61
9  21  84
9  47  63
9  55  64
9  84  98
9  86  63
9  88  99
9  93  90
9  99  11
13  21  71
13  29  57
13  70  5
13  77  72
13  80  80
13  85  72
13  92  48
15  19  33
15  20  9
15  22  43
15  25  36
15  41  93
15  61  43
15  72  2
15  79  78
15  83  98
15  85  70
15  86  66
15  91  13
15  99  72
16  18  87
16  33  7
16  41  81
16  59  3
16  61  84
16  70  77
16  74  83
16  99  30
35  46  55
35  47  15
35  48  10
35  57  18
35  61  62
35  81  28
35  84  45
35  89  93
35  98  59
55  56  1
55  59  62
55  62  63
55  93  69
66  77  93
66  85  6
66  97  63
73  80  20
73  83  1
73  87  34
75  84  72
75  91  22
75  92  7
75  93  24
76  79  20
76  84  62
18  20  78
18  28  14
18  31  4
18  36  60
18  39  26
18  42  67
18  57  66
18  58  4
18  59  71
18  73  100
18  74  37
18  79  88
18  92  34
20  26  55
20  67  83
20  68  75
20  77  23
27  35  52
27  50  77
27  78  23
27  85  75
31  57  14
31  70  2
31  84  4
31  97  62
32  44  33
32  45  48
32  48  58
32  55  22
32  79  50
34  55  81
34  65  86
34  73  86
34  75  53
36  39  77
36  46  82
36  58  25
36  62  31
36  74  90
36  76  24
36  85  12
36  87  20
36  96  68
36  97  8
59  72  56
59  75  88
59  84  91
59  90  85
2  9  18
2  14  25
2  21  55
2  42  26
2  55  66
2  58  10
2  61  32
2  64  76
2  68  73
2  73  1
2  76  35
2  84  55
2  89  77
14  22  52
14  28  84
14  31  60
14  32  43
14  44  96
14  47  31
14  55  77
14  66  5
14  77  94
14  78  28
14  97  63
21  22  26
21  25  8
21  27  79
21  42  79
21  69  84
21  90  4
21  91  99
42  62  46
42  74  89
42  84  34
58  61  26
58  80  25
58  89  93
58  92  96
58  93  76
58  96  53
61  67  73
61  80  15
61  89  44
61  90  49
61  97  46
64  92  67
68  81  77
68  94  82
84  94  15
89  96  90
3  9  86
3  25  54
3  35  25
3  39  38
3  52  19
3  53  38
3  65  69
3  78  97
3  83  100
3  91  28
3  94  41
25  26  3
25  49  6
25  87  66
25  89  3
25  90  30
25  92  86
39  41  97
39  43  15
39  64  3
39  77  15
52  71  10
52  99  9
53  59  95
53  60  61
53  96  41
65  69  17
65  73  30
65  74  95
65  75  33
65  78  95
65  94  74
78  85  32
83  88  44
83  94  96
83  96  3
91  95  41
4  5  34
4  35  15
4  38  95
4  43  83
4  49  11
4  51  83
4  55  92
4  57  23
4  99  47
5  6  93
5  28  47
5  40  49
5  44  61
5  49  93
5  50  78
5  51  77
5  52  5
5  57  71
5  65  37
5  76  44
5  82  57
5  90  37
38  42  90
38  56  72
38  89  70
38  98  51
43  58  45
43  93  51
43  95  95
49  57  41
49  67  72
49  71  95
49  83  99
49  88  50
51  54  14
51  85  99
57  58  30
57  61  15
57  63  29
57  66  30
57  69  76
57  70  65
57  98  3
57  99  75
6  25  49
6  47  97
6  62  10
6  92  56
28  29  20
28  33  34
28  35  31
28  45  67
28  52  97
28  55  30
28  65  87
28  67  31
28  79  20
28  88  65
28  90  35
40  57  37
40  69  17
40  97  35
40  98  44
44  56  4
44  57  5
44  71  55
44  73  56
44  97  11
50  52  43
50  65  23
50  77  54
50  79  68
50  99  5
82  96  53
47  61  47
47  68  24
47  69  69
47  71  85
47  86  11
62  72  10
62  75  75
92  97  30
7  14  18
7  22  18
7  23  80
7  45  30
7  47  82
7  59  65
7  71  70
22  32  19
22  44  5
22  62  88
22  64  64
22  74  2
22  76  38
22  82  56
22  91  35
22  92  16
22  99  56
23  30  9
23  31  35
23  45  69
23  49  91
23  74  58
23  82  87
23  83  8
23  89  100
23  92  61
23  94  30
45  49  62
45  88  42
71  77  51
71  88  89
71  99  3
8  32  43
8  47  54
8  54  12
8  64  35
8  74  50
8  87  85
54  58  48
54  61  30
54  76  78
54  78  27
54  96  50
74  75  20
74  88  36
74  90  77
93  96  39
10  14  94
10  17  69
10  22  70
10  35  34
10  42  44
10  49  48
10  64  1
10  83  2
10  85  51
10  96  98
17  18  17
17  28  63
17  35  66
17  40  56
17  53  43
17  59  58
17  69  72
17  95  2
85  93  5
85  97  50
85  98  70
11  15  45
11  19  26
11  35  70
11  38  34
11  43  53
11  58  5
11  94  100
11  98  70
19  29  89
19  39  10
19  47  64
19  51  47
19  65  7
19  68  23
19  74  69
19  83  15
19  86  21
12  16  7
12  42  8
12  47  25
12  64  92
12  69  81
12  89  99
12  94  97
69  70  30
69  73  22
69  74  26
69  91  47
69  95  94
69  98  76
29  30  57
29  45  76
29  46  33
29  49  25
29  57  41
29  72  53
29  78  29
29  81  22
29  82  5
29  83  20
29  85  30
70  83  47
70  88  40
70  99  55
77  90  86
77  96  17
77  97  88
77  98  100
80  95  20
80  96  87
41  44  80
41  46  72
41  57  31
41  69  32
41  74  36
41  85  70
41  86  93
41  88  100
41  96  17
72  96  73
79  83  66
79  84  28
79  92  89
79  96  56
33  39  10
33  40  97
33  46  81
33  61  54
33  92  23
33  98  54
95  97  33
26  31  29
26  34  99
26  52  67
26  55  79
26  57  5
26  65  64
26  90  95
26  91  74
67  70  99
67  79  84
67  80  59
67  86  32
30  31  63
30  34  37
30  36  90
30  39  93
30  62  30
30  72  89
30  76  28
24  25  39
24  28  77
24  31  37
24  63  44
24  67  45
24  68  92
24  83  4
24  84  86
24  87  60
24  89  68
24  90  19
24  95  84
24  97  24
63  79  3
63  81  24
46  53  24
46  54  48
46  55  40
46  72  6
46  75  8
46  82  81
81  82  24
81  89  92
81  96  25
81  99  100
48  50  37
48  57  87
48  63  26
48  71  53
48  86  85
37  63  11
37  67  1
37  68  40
37  77  50
37  98  87
56  74  29
56  97  39
56  99  41
60  63  33
60  87  71
60  88  3
