318
4652
0  1  100
0  14  100
0  15  140
0  29  140
0  171  120
0  189  100
0  195  120
1  0  100
1  2  100
1  15  220
1  16  220
1  180  80
1  183  80
1  192  80
1  213  80
2  1  100
2  3  100
2  16  300
2  17  300
3  2  100
3  4  100
3  17  300
3  18  220
4  3  100
4  5  100
4  18  180
4  19  140
5  4  100
5  6  100
5  19  100
5  20  100
6  5  100
6  7  100
6  20  100
6  21  100
7  6  100
7  8  100
7  21  100
7  22  140
8  7  100
8  9  100
8  22  180
8  23  180
8  261  80
9  8  100
9  10  100
9  23  260
9  24  260
10  9  100
10  11  100
10  24  300
10  25  260
11  10  100
11  12  100
11  25  220
11  26  180
12  11  100
12  13  100
12  26  140
12  27  100
13  12  100
13  14  100
13  27  100
13  28  100
14  0  100
14  13  100
14  28  100
14  29  100
15  0  140
15  1  220
15  16  100
15  29  100
15  30  220
15  44  180
15  156  80
15  159  80
15  162  80
15  168  80
16  1  220
16  2  300
16  15  100
16  17  100
16  30  300
16  31  260
17  2  300
17  3  300
17  16  100
17  18  100
17  31  300
17  32  260
18  3  220
18  4  180
18  17  100
18  19  100
18  32  220
18  33  140
19  4  140
19  5  100
19  18  100
19  20  100
19  33  140
19  34  100
20  5  100
20  6  100
20  19  100
20  21  100
20  34  100
20  35  100
21  6  100
21  7  100
21  20  100
21  22  100
21  35  100
21  36  100
22  7  140
22  8  180
22  21  100
22  23  100
22  36  140
22  37  180
23  8  180
23  9  260
23  22  100
23  24  100
23  37  220
23  38  260
24  9  260
24  10  300
24  23  100
24  25  100
24  38  300
24  39  260
25  10  260
25  11  220
25  24  100
25  26  100
25  39  260
25  40  180
26  11  180
26  12  140
26  25  100
26  27  100
26  40  180
26  41  140
27  12  100
27  13  100
27  26  100
27  28  100
27  41  100
27  42  100
27  264  160
28  13  100
28  14  100
28  27  100
28  29  100
28  42  100
28  43  100
29  0  140
29  14  100
29  15  100
29  28  100
29  43  100
29  44  140
29  165  160
30  15  220
30  16  300
30  31  100
30  44  100
30  45  260
30  59  260
30  138  80
30  216  80
31  16  260
31  17  300
31  30  100
31  32  100
31  45  300
31  46  260
32  17  260
32  18  220
32  31  100
32  33  100
32  46  260
32  47  180
33  18  140
33  19  140
33  32  100
33  34  100
33  47  180
33  48  100
33  279  80
33  282  120
33  285  120
34  19  100
34  20  100
34  33  100
34  35  100
34  48  100
34  49  100
35  20  100
35  21  100
35  34  100
35  36  100
35  49  100
35  50  100
36  21  100
36  22  140
36  35  100
36  37  100
36  50  140
36  51  140
37  22  180
37  23  220
37  36  100
37  38  100
37  51  180
37  52  220
38  23  260
38  24  300
38  37  100
38  39  100
38  52  300
38  53  300
39  24  260
39  25  260
39  38  100
39  40  100
39  53  300
39  54  220
40  25  180
40  26  180
40  39  100
40  41  100
40  54  220
40  55  140
41  26  140
41  27  100
41  40  100
41  42  100
41  55  140
41  56  100
42  27  100
42  28  100
42  41  100
42  43  100
42  56  100
42  57  100
43  28  100
43  29  100
43  42  100
43  44  100
43  57  100
43  58  100
44  15  180
44  29  140
44  30  100
44  43  100
44  58  140
44  59  180
44  222  80
44  225  80
45  30  260
45  31  300
45  46  100
45  59  100
45  60  300
45  74  300
46  31  260
46  32  260
46  45  100
46  47  100
46  60  300
46  61  220
47  32  180
47  33  180
47  46  100
47  48  100
47  61  180
47  62  140
48  33  100
48  34  100
48  47  100
48  49  100
48  62  100
48  63  100
48  276  120
49  34  100
49  35  100
49  48  100
49  50  100
49  63  100
49  64  100
50  35  100
50  36  140
50  49  100
50  51  100
50  64  100
50  65  140
51  36  140
51  37  180
51  50  100
51  52  100
51  65  180
51  66  180
52  37  220
52  38  300
52  51  100
52  53  100
52  66  260
52  67  260
53  38  300
53  39  300
53  52  100
53  54  100
53  67  300
53  68  260
54  39  220
54  40  220
54  53  100
54  55  100
54  68  220
54  69  180
55  40  140
55  41  140
55  54  100
55  56  100
55  69  140
55  70  100
56  41  100
56  42  100
56  55  100
56  57  100
56  70  100
56  71  100
57  42  100
57  43  100
57  56  100
57  58  100
57  71  100
57  72  100
58  43  100
58  44  140
58  57  100
58  59  100
58  72  140
58  73  140
59  30  260
59  44  180
59  45  100
59  58  100
59  73  220
59  74  220
59  135  80
59  141  80
59  144  80
59  219  80
60  45  300
60  46  300
60  61  100
60  74  100
60  75  260
60  89  300
61  46  220
61  47  180
61  60  100
61  62  100
61  75  220
61  76  140
61  306  80
61  312  80
62  47  140
62  48  100
62  61  100
62  63  100
62  76  140
62  77  100
62  288  100
62  291  120
62  300  100
62  303  100
63  48  100
63  49  100
63  62  100
63  64  100
63  77  100
63  78  100
64  49  100
64  50  100
64  63  100
64  65  100
64  78  100
64  79  100
65  50  140
65  51  180
65  64  100
65  66  100
65  79  140
65  80  180
66  51  180
66  52  260
66  65  100
66  67  100
66  80  220
66  81  260
67  52  260
67  53  300
67  66  100
67  68  100
67  81  300
67  82  260
68  53  260
68  54  220
68  67  100
68  69  100
68  82  260
68  83  180
69  54  180
69  55  140
69  68  100
69  70  100
69  83  180
69  84  140
70  55  100
70  56  100
70  69  100
70  71  100
70  84  100
70  85  100
71  56  100
71  57  100
71  70  100
71  72  100
71  85  100
71  86  100
72  57  100
72  58  140
72  71  100
72  73  100
72  86  100
72  87  140
73  58  140
73  59  220
73  72  100
73  74  100
73  87  180
73  88  220
73  147  80
74  45  300
74  59  220
74  60  100
74  73  100
74  88  300
74  89  260
75  60  260
75  61  220
75  76  100
75  89  100
75  90  180
75  104  260
76  61  140
76  62  140
76  75  100
76  77  100
76  90  180
76  91  100
76  294  80
76  297  80
76  309  100
77  62  100
77  63  100
77  76  100
77  78  100
77  91  100
77  92  100
78  63  100
78  64  100
78  77  100
78  79  100
78  92  100
78  93  100
79  64  100
79  65  140
79  78  100
79  80  100
79  93  140
79  94  140
79  273  160
80  65  180
80  66  220
80  79  100
80  81  100
80  94  180
80  95  220
81  66  260
81  67  300
81  80  100
81  82  100
81  95  300
81  96  300
82  67  260
82  68  260
82  81  100
82  83  100
82  96  300
82  97  220
83  68  180
83  69  180
83  82  100
83  84  100
83  97  220
83  98  140
84  69  140
84  70  100
84  83  100
84  85  100
84  98  140
84  99  100
85  70  100
85  71  100
85  84  100
85  86  100
85  99  100
85  100  100
85  252  100
85  255  120
86  71  100
86  72  100
86  85  100
86  87  100
86  100  100
86  101  100
86  246  100
87  72  140
87  73  180
87  86  100
87  88  100
87  101  140
87  102  180
88  73  220
88  74  300
88  87  100
88  89  100
88  102  260
88  103  260
89  60  300
89  74  260
89  75  100
89  88  100
89  103  300
89  104  260
90  75  180
90  76  180
90  91  100
90  104  100
90  105  140
90  119  180
91  76  100
91  77  100
91  90  100
91  92  100
91  105  100
91  106  100
92  77  100
92  78  100
92  91  100
92  93  100
92  106  100
92  107  100
92  267  80
93  78  100
93  79  140
93  92  100
93  94  100
93  107  100
93  108  140
94  79  140
94  80  180
94  93  100
94  95  100
94  108  180
94  109  180
94  270  80
95  80  220
95  81  300
95  94  100
95  96  100
95  109  260
95  110  260
96  81  300
96  82  300
96  95  100
96  97  100
96  110  300
96  111  260
97  82  220
97  83  220
97  96  100
97  98  100
97  111  220
97  112  180
98  83  140
98  84  140
98  97  100
98  99  100
98  112  140
98  113  100
98  258  140
99  84  100
99  85  100
99  98  100
99  100  100
99  113  100
99  114  100
100  85  100
100  86  100
100  99  100
100  101  100
100  114  100
100  115  100
100  249  100
101  86  100
101  87  140
101  100  100
101  102  100
101  115  140
101  116  140
101  150  100
101  228  140
101  231  120
101  234  120
102  87  180
102  88  260
102  101  100
102  103  100
102  116  220
102  117  220
103  88  260
103  89  300
103  102  100
103  104  100
103  117  300
103  118  300
104  75  260
104  89  260
104  90  100
104  103  100
104  118  300
104  119  220
105  90  140
105  91  100
105  106  100
105  119  100
105  120  100
105  134  140
106  91  100
106  92  100
106  105  100
106  107  100
106  120  100
106  121  100
107  92  100
107  93  100
107  106  100
107  108  100
107  121  100
107  122  100
108  93  140
108  94  180
108  107  100
108  109  100
108  122  140
108  123  180
109  94  180
109  95  260
109  108  100
109  110  100
109  123  220
109  124  260
110  95  260
110  96  300
110  109  100
110  111  100
110  124  300
110  125  260
111  96  260
111  97  220
111  110  100
111  112  100
111  125  260
111  126  180
112  97  180
112  98  140
112  111  100
112  113  100
112  126  180
112  127  140
113  98  100
113  99  100
113  112  100
113  114  100
113  127  100
113  128  100
114  99  100
114  100  100
114  113  100
114  115  100
114  128  100
114  129  100
115  100  100
115  101  140
115  114  100
115  116  100
115  129  100
115  130  140
115  240  100
115  243  100
116  101  140
116  102  220
116  115  100
116  117  100
116  130  180
116  131  220
117  102  220
117  103  300
117  116  100
117  118  100
117  131  300
117  132  260
118  103  300
118  104  300
118  117  100
118  119  100
118  132  300
118  133  260
119  90  180
119  104  220
119  105  100
119  118  100
119  133  220
119  134  140
119  153  80
119  177  80
119  315  80
120  105  100
120  106  100
120  121  100
120  134  100
121  106  100
121  107  100
121  120  100
121  122  100
122  107  100
122  108  140
122  121  100
122  123  100
123  108  180
123  109  220
123  122  100
123  124  100
124  109  260
124  110  300
124  123  100
124  125  100
125  110  260
125  111  260
125  124  100
125  126  100
126  111  180
126  112  180
126  125  100
126  127  100
127  112  140
127  113  100
127  126  100
127  128  100
128  113  100
128  114  100
128  127  100
128  129  100
129  114  100
129  115  100
129  128  100
129  130  100
130  115  140
130  116  180
130  129  100
130  131  100
131  116  220
131  117  300
131  130  100
131  132  100
132  117  260
132  118  300
132  131  100
132  133  100
133  118  260
133  119  220
133  132  100
133  134  100
133  174  80
133  201  80
133  204  80
133  207  80
134  105  140
134  119  140
134  120  100
134  133  100
134  186  100
134  198  100
134  210  80
135  59  80
136  140  30000
136  143  30000
136  146  30000
136  149  30000
136  152  30000
136  155  30000
136  158  30000
136  161  30000
136  164  30000
136  167  30000
136  170  30000
136  173  30000
136  176  30000
136  179  30000
136  182  30000
136  185  30000
136  188  30000
136  191  30000
136  194  30000
136  197  30000
136  200  30000
136  203  30000
136  206  30000
136  209  30000
136  212  30000
136  215  30000
136  218  30000
136  221  30000
136  224  30000
136  227  30000
136  230  30000
136  233  30000
136  236  30000
136  239  30000
136  242  30000
136  245  30000
136  248  30000
136  251  30000
136  254  30000
136  257  30000
136  260  30000
136  263  30000
136  266  30000
136  269  30000
136  272  30000
136  275  30000
136  278  30000
136  281  30000
136  284  30000
136  287  30000
136  290  30000
136  293  30000
136  296  30000
136  299  30000
136  302  30000
136  305  30000
136  308  30000
136  311  30000
136  314  30000
136  317  30000
138  30  80
139  137  30000
139  143  30000
139  146  30000
139  149  30000
139  152  30000
139  155  30000
139  158  30000
139  161  30000
139  164  30000
139  167  30000
139  170  30000
139  173  30000
139  176  30000
139  179  30000
139  182  30000
139  185  30000
139  188  30000
139  191  30000
139  194  30000
139  197  30000
139  200  30000
139  203  30000
139  206  30000
139  209  30000
139  212  30000
139  215  30000
139  218  30000
139  221  30000
139  224  30000
139  227  30000
139  230  30000
139  233  30000
139  236  30000
139  239  30000
139  242  30000
139  245  30000
139  248  30000
139  251  30000
139  254  30000
139  257  30000
139  260  30000
139  263  30000
139  266  30000
139  269  30000
139  272  30000
139  275  30000
139  278  30000
139  281  30000
139  284  30000
139  287  30000
139  290  30000
139  293  30000
139  296  30000
139  299  30000
139  302  30000
139  305  30000
139  308  30000
139  311  30000
139  314  30000
139  317  30000
141  59  80
142  137  30000
142  140  30000
142  146  30000
142  149  30000
142  152  30000
142  155  30000
142  158  30000
142  161  30000
142  164  30000
142  167  30000
142  170  30000
142  173  30000
142  176  30000
142  179  30000
142  182  30000
142  185  30000
142  188  30000
142  191  30000
142  194  30000
142  197  30000
142  200  30000
142  203  30000
142  206  30000
142  209  30000
142  212  30000
142  215  30000
142  218  30000
142  221  30000
142  224  30000
142  227  30000
142  230  30000
142  233  30000
142  236  30000
142  239  30000
142  242  30000
142  245  30000
142  248  30000
142  251  30000
142  254  30000
142  257  30000
142  260  30000
142  263  30000
142  266  30000
142  269  30000
142  272  30000
142  275  30000
142  278  30000
142  281  30000
142  284  30000
142  287  30000
142  290  30000
142  293  30000
142  296  30000
142  299  30000
142  302  30000
142  305  30000
142  308  30000
142  311  30000
142  314  30000
142  317  30000
144  59  80
145  137  30000
145  140  30000
145  143  30000
145  149  30000
145  152  30000
145  155  30000
145  158  30000
145  161  30000
145  164  30000
145  167  30000
145  170  30000
145  173  30000
145  176  30000
145  179  30000
145  182  30000
145  185  30000
145  188  30000
145  191  30000
145  194  30000
145  197  30000
145  200  30000
145  203  30000
145  206  30000
145  209  30000
145  212  30000
145  215  30000
145  218  30000
145  221  30000
145  224  30000
145  227  30000
145  230  30000
145  233  30000
145  236  30000
145  239  30000
145  242  30000
145  245  30000
145  248  30000
145  251  30000
145  254  30000
145  257  30000
145  260  30000
145  263  30000
145  266  30000
145  269  30000
145  272  30000
145  275  30000
145  278  30000
145  281  30000
145  284  30000
145  287  30000
145  290  30000
145  293  30000
145  296  30000
145  299  30000
145  302  30000
145  305  30000
145  308  30000
145  311  30000
145  314  30000
145  317  30000
147  73  80
148  137  30000
148  140  30000
148  143  30000
148  146  30000
148  152  30000
148  155  30000
148  158  30000
148  161  30000
148  164  30000
148  167  30000
148  170  30000
148  173  30000
148  176  30000
148  179  30000
148  182  30000
148  185  30000
148  188  30000
148  191  30000
148  194  30000
148  197  30000
148  200  30000
148  203  30000
148  206  30000
148  209  30000
148  212  30000
148  215  30000
148  218  30000
148  221  30000
148  224  30000
148  227  30000
148  230  30000
148  233  30000
148  236  30000
148  239  30000
148  242  30000
148  245  30000
148  248  30000
148  251  30000
148  254  30000
148  257  30000
148  260  30000
148  263  30000
148  266  30000
148  269  30000
148  272  30000
148  275  30000
148  278  30000
148  281  30000
148  284  30000
148  287  30000
148  290  30000
148  293  30000
148  296  30000
148  299  30000
148  302  30000
148  305  30000
148  308  30000
148  311  30000
148  314  30000
148  317  30000
150  101  100
151  137  30000
151  140  30000
151  143  30000
151  146  30000
151  149  30000
151  155  30000
151  158  30000
151  161  30000
151  164  30000
151  167  30000
151  170  30000
151  173  30000
151  176  30000
151  179  30000
151  182  30000
151  185  30000
151  188  30000
151  191  30000
151  194  30000
151  197  30000
151  200  30000
151  203  30000
151  206  30000
151  209  30000
151  212  30000
151  215  30000
151  218  30000
151  221  30000
151  224  30000
151  227  30000
151  230  30000
151  233  30000
151  236  30000
151  239  30000
151  242  30000
151  245  30000
151  248  30000
151  251  30000
151  254  30000
151  257  30000
151  260  30000
151  263  30000
151  266  30000
151  269  30000
151  272  30000
151  275  30000
151  278  30000
151  281  30000
151  284  30000
151  287  30000
151  290  30000
151  293  30000
151  296  30000
151  299  30000
151  302  30000
151  305  30000
151  308  30000
151  311  30000
151  314  30000
151  317  30000
153  119  80
154  137  30000
154  140  30000
154  143  30000
154  146  30000
154  149  30000
154  152  30000
154  158  30000
154  161  30000
154  164  30000
154  167  30000
154  170  30000
154  173  30000
154  176  30000
154  179  30000
154  182  30000
154  185  30000
154  188  30000
154  191  30000
154  194  30000
154  197  30000
154  200  30000
154  203  30000
154  206  30000
154  209  30000
154  212  30000
154  215  30000
154  218  30000
154  221  30000
154  224  30000
154  227  30000
154  230  30000
154  233  30000
154  236  30000
154  239  30000
154  242  30000
154  245  30000
154  248  30000
154  251  30000
154  254  30000
154  257  30000
154  260  30000
154  263  30000
154  266  30000
154  269  30000
154  272  30000
154  275  30000
154  278  30000
154  281  30000
154  284  30000
154  287  30000
154  290  30000
154  293  30000
154  296  30000
154  299  30000
154  302  30000
154  305  30000
154  308  30000
154  311  30000
154  314  30000
154  317  30000
156  15  80
157  137  30000
157  140  30000
157  143  30000
157  146  30000
157  149  30000
157  152  30000
157  155  30000
157  161  30000
157  164  30000
157  167  30000
157  170  30000
157  173  30000
157  176  30000
157  179  30000
157  182  30000
157  185  30000
157  188  30000
157  191  30000
157  194  30000
157  197  30000
157  200  30000
157  203  30000
157  206  30000
157  209  30000
157  212  30000
157  215  30000
157  218  30000
157  221  30000
157  224  30000
157  227  30000
157  230  30000
157  233  30000
157  236  30000
157  239  30000
157  242  30000
157  245  30000
157  248  30000
157  251  30000
157  254  30000
157  257  30000
157  260  30000
157  263  30000
157  266  30000
157  269  30000
157  272  30000
157  275  30000
157  278  30000
157  281  30000
157  284  30000
157  287  30000
157  290  30000
157  293  30000
157  296  30000
157  299  30000
157  302  30000
157  305  30000
157  308  30000
157  311  30000
157  314  30000
157  317  30000
159  15  80
160  137  30000
160  140  30000
160  143  30000
160  146  30000
160  149  30000
160  152  30000
160  155  30000
160  158  30000
160  164  30000
160  167  30000
160  170  30000
160  173  30000
160  176  30000
160  179  30000
160  182  30000
160  185  30000
160  188  30000
160  191  30000
160  194  30000
160  197  30000
160  200  30000
160  203  30000
160  206  30000
160  209  30000
160  212  30000
160  215  30000
160  218  30000
160  221  30000
160  224  30000
160  227  30000
160  230  30000
160  233  30000
160  236  30000
160  239  30000
160  242  30000
160  245  30000
160  248  30000
160  251  30000
160  254  30000
160  257  30000
160  260  30000
160  263  30000
160  266  30000
160  269  30000
160  272  30000
160  275  30000
160  278  30000
160  281  30000
160  284  30000
160  287  30000
160  290  30000
160  293  30000
160  296  30000
160  299  30000
160  302  30000
160  305  30000
160  308  30000
160  311  30000
160  314  30000
160  317  30000
162  15  80
163  137  30000
163  140  30000
163  143  30000
163  146  30000
163  149  30000
163  152  30000
163  155  30000
163  158  30000
163  161  30000
163  167  30000
163  170  30000
163  173  30000
163  176  30000
163  179  30000
163  182  30000
163  185  30000
163  188  30000
163  191  30000
163  194  30000
163  197  30000
163  200  30000
163  203  30000
163  206  30000
163  209  30000
163  212  30000
163  215  30000
163  218  30000
163  221  30000
163  224  30000
163  227  30000
163  230  30000
163  233  30000
163  236  30000
163  239  30000
163  242  30000
163  245  30000
163  248  30000
163  251  30000
163  254  30000
163  257  30000
163  260  30000
163  263  30000
163  266  30000
163  269  30000
163  272  30000
163  275  30000
163  278  30000
163  281  30000
163  284  30000
163  287  30000
163  290  30000
163  293  30000
163  296  30000
163  299  30000
163  302  30000
163  305  30000
163  308  30000
163  311  30000
163  314  30000
163  317  30000
165  29  160
166  137  30000
166  140  30000
166  143  30000
166  146  30000
166  149  30000
166  152  30000
166  155  30000
166  158  30000
166  161  30000
166  164  30000
166  170  30000
166  173  30000
166  176  30000
166  179  30000
166  182  30000
166  185  30000
166  188  30000
166  191  30000
166  194  30000
166  197  30000
166  200  30000
166  203  30000
166  206  30000
166  209  30000
166  212  30000
166  215  30000
166  218  30000
166  221  30000
166  224  30000
166  227  30000
166  230  30000
166  233  30000
166  236  30000
166  239  30000
166  242  30000
166  245  30000
166  248  30000
166  251  30000
166  254  30000
166  257  30000
166  260  30000
166  263  30000
166  266  30000
166  269  30000
166  272  30000
166  275  30000
166  278  30000
166  281  30000
166  284  30000
166  287  30000
166  290  30000
166  293  30000
166  296  30000
166  299  30000
166  302  30000
166  305  30000
166  308  30000
166  311  30000
166  314  30000
166  317  30000
168  15  80
169  137  30000
169  140  30000
169  143  30000
169  146  30000
169  149  30000
169  152  30000
169  155  30000
169  158  30000
169  161  30000
169  164  30000
169  167  30000
169  173  30000
169  176  30000
169  179  30000
169  182  30000
169  185  30000
169  188  30000
169  191  30000
169  194  30000
169  197  30000
169  200  30000
169  203  30000
169  206  30000
169  209  30000
169  212  30000
169  215  30000
169  218  30000
169  221  30000
169  224  30000
169  227  30000
169  230  30000
169  233  30000
169  236  30000
169  239  30000
169  242  30000
169  245  30000
169  248  30000
169  251  30000
169  254  30000
169  257  30000
169  260  30000
169  263  30000
169  266  30000
169  269  30000
169  272  30000
169  275  30000
169  278  30000
169  281  30000
169  284  30000
169  287  30000
169  290  30000
169  293  30000
169  296  30000
169  299  30000
169  302  30000
169  305  30000
169  308  30000
169  311  30000
169  314  30000
169  317  30000
171  0  120
172  137  30000
172  140  30000
172  143  30000
172  146  30000
172  149  30000
172  152  30000
172  155  30000
172  158  30000
172  161  30000
172  164  30000
172  167  30000
172  170  30000
172  176  30000
172  179  30000
172  182  30000
172  185  30000
172  188  30000
172  191  30000
172  194  30000
172  197  30000
172  200  30000
172  203  30000
172  206  30000
172  209  30000
172  212  30000
172  215  30000
172  218  30000
172  221  30000
172  224  30000
172  227  30000
172  230  30000
172  233  30000
172  236  30000
172  239  30000
172  242  30000
172  245  30000
172  248  30000
172  251  30000
172  254  30000
172  257  30000
172  260  30000
172  263  30000
172  266  30000
172  269  30000
172  272  30000
172  275  30000
172  278  30000
172  281  30000
172  284  30000
172  287  30000
172  290  30000
172  293  30000
172  296  30000
172  299  30000
172  302  30000
172  305  30000
172  308  30000
172  311  30000
172  314  30000
172  317  30000
174  133  80
175  137  30000
175  140  30000
175  143  30000
175  146  30000
175  149  30000
175  152  30000
175  155  30000
175  158  30000
175  161  30000
175  164  30000
175  167  30000
175  170  30000
175  173  30000
175  179  30000
175  182  30000
175  185  30000
175  188  30000
175  191  30000
175  194  30000
175  197  30000
175  200  30000
175  203  30000
175  206  30000
175  209  30000
175  212  30000
175  215  30000
175  218  30000
175  221  30000
175  224  30000
175  227  30000
175  230  30000
175  233  30000
175  236  30000
175  239  30000
175  242  30000
175  245  30000
175  248  30000
175  251  30000
175  254  30000
175  257  30000
175  260  30000
175  263  30000
175  266  30000
175  269  30000
175  272  30000
175  275  30000
175  278  30000
175  281  30000
175  284  30000
175  287  30000
175  290  30000
175  293  30000
175  296  30000
175  299  30000
175  302  30000
175  305  30000
175  308  30000
175  311  30000
175  314  30000
175  317  30000
177  119  80
178  137  30000
178  140  30000
178  143  30000
178  146  30000
178  149  30000
178  152  30000
178  155  30000
178  158  30000
178  161  30000
178  164  30000
178  167  30000
178  170  30000
178  173  30000
178  176  30000
178  182  30000
178  185  30000
178  188  30000
178  191  30000
178  194  30000
178  197  30000
178  200  30000
178  203  30000
178  206  30000
178  209  30000
178  212  30000
178  215  30000
178  218  30000
178  221  30000
178  224  30000
178  227  30000
178  230  30000
178  233  30000
178  236  30000
178  239  30000
178  242  30000
178  245  30000
178  248  30000
178  251  30000
178  254  30000
178  257  30000
178  260  30000
178  263  30000
178  266  30000
178  269  30000
178  272  30000
178  275  30000
178  278  30000
178  281  30000
178  284  30000
178  287  30000
178  290  30000
178  293  30000
178  296  30000
178  299  30000
178  302  30000
178  305  30000
178  308  30000
178  311  30000
178  314  30000
178  317  30000
180  1  80
181  137  30000
181  140  30000
181  143  30000
181  146  30000
181  149  30000
181  152  30000
181  155  30000
181  158  30000
181  161  30000
181  164  30000
181  167  30000
181  170  30000
181  173  30000
181  176  30000
181  179  30000
181  185  30000
181  188  30000
181  191  30000
181  194  30000
181  197  30000
181  200  30000
181  203  30000
181  206  30000
181  209  30000
181  212  30000
181  215  30000
181  218  30000
181  221  30000
181  224  30000
181  227  30000
181  230  30000
181  233  30000
181  236  30000
181  239  30000
181  242  30000
181  245  30000
181  248  30000
181  251  30000
181  254  30000
181  257  30000
181  260  30000
181  263  30000
181  266  30000
181  269  30000
181  272  30000
181  275  30000
181  278  30000
181  281  30000
181  284  30000
181  287  30000
181  290  30000
181  293  30000
181  296  30000
181  299  30000
181  302  30000
181  305  30000
181  308  30000
181  311  30000
181  314  30000
181  317  30000
183  1  80
184  137  30000
184  140  30000
184  143  30000
184  146  30000
184  149  30000
184  152  30000
184  155  30000
184  158  30000
184  161  30000
184  164  30000
184  167  30000
184  170  30000
184  173  30000
184  176  30000
184  179  30000
184  182  30000
184  188  30000
184  191  30000
184  194  30000
184  197  30000
184  200  30000
184  203  30000
184  206  30000
184  209  30000
184  212  30000
184  215  30000
184  218  30000
184  221  30000
184  224  30000
184  227  30000
184  230  30000
184  233  30000
184  236  30000
184  239  30000
184  242  30000
184  245  30000
184  248  30000
184  251  30000
184  254  30000
184  257  30000
184  260  30000
184  263  30000
184  266  30000
184  269  30000
184  272  30000
184  275  30000
184  278  30000
184  281  30000
184  284  30000
184  287  30000
184  290  30000
184  293  30000
184  296  30000
184  299  30000
184  302  30000
184  305  30000
184  308  30000
184  311  30000
184  314  30000
184  317  30000
186  134  100
187  137  30000
187  140  30000
187  143  30000
187  146  30000
187  149  30000
187  152  30000
187  155  30000
187  158  30000
187  161  30000
187  164  30000
187  167  30000
187  170  30000
187  173  30000
187  176  30000
187  179  30000
187  182  30000
187  185  30000
187  191  30000
187  194  30000
187  197  30000
187  200  30000
187  203  30000
187  206  30000
187  209  30000
187  212  30000
187  215  30000
187  218  30000
187  221  30000
187  224  30000
187  227  30000
187  230  30000
187  233  30000
187  236  30000
187  239  30000
187  242  30000
187  245  30000
187  248  30000
187  251  30000
187  254  30000
187  257  30000
187  260  30000
187  263  30000
187  266  30000
187  269  30000
187  272  30000
187  275  30000
187  278  30000
187  281  30000
187  284  30000
187  287  30000
187  290  30000
187  293  30000
187  296  30000
187  299  30000
187  302  30000
187  305  30000
187  308  30000
187  311  30000
187  314  30000
187  317  30000
189  0  100
190  137  30000
190  140  30000
190  143  30000
190  146  30000
190  149  30000
190  152  30000
190  155  30000
190  158  30000
190  161  30000
190  164  30000
190  167  30000
190  170  30000
190  173  30000
190  176  30000
190  179  30000
190  182  30000
190  185  30000
190  188  30000
190  194  30000
190  197  30000
190  200  30000
190  203  30000
190  206  30000
190  209  30000
190  212  30000
190  215  30000
190  218  30000
190  221  30000
190  224  30000
190  227  30000
190  230  30000
190  233  30000
190  236  30000
190  239  30000
190  242  30000
190  245  30000
190  248  30000
190  251  30000
190  254  30000
190  257  30000
190  260  30000
190  263  30000
190  266  30000
190  269  30000
190  272  30000
190  275  30000
190  278  30000
190  281  30000
190  284  30000
190  287  30000
190  290  30000
190  293  30000
190  296  30000
190  299  30000
190  302  30000
190  305  30000
190  308  30000
190  311  30000
190  314  30000
190  317  30000
192  1  80
193  137  30000
193  140  30000
193  143  30000
193  146  30000
193  149  30000
193  152  30000
193  155  30000
193  158  30000
193  161  30000
193  164  30000
193  167  30000
193  170  30000
193  173  30000
193  176  30000
193  179  30000
193  182  30000
193  185  30000
193  188  30000
193  191  30000
193  197  30000
193  200  30000
193  203  30000
193  206  30000
193  209  30000
193  212  30000
193  215  30000
193  218  30000
193  221  30000
193  224  30000
193  227  30000
193  230  30000
193  233  30000
193  236  30000
193  239  30000
193  242  30000
193  245  30000
193  248  30000
193  251  30000
193  254  30000
193  257  30000
193  260  30000
193  263  30000
193  266  30000
193  269  30000
193  272  30000
193  275  30000
193  278  30000
193  281  30000
193  284  30000
193  287  30000
193  290  30000
193  293  30000
193  296  30000
193  299  30000
193  302  30000
193  305  30000
193  308  30000
193  311  30000
193  314  30000
193  317  30000
195  0  120
196  137  30000
196  140  30000
196  143  30000
196  146  30000
196  149  30000
196  152  30000
196  155  30000
196  158  30000
196  161  30000
196  164  30000
196  167  30000
196  170  30000
196  173  30000
196  176  30000
196  179  30000
196  182  30000
196  185  30000
196  188  30000
196  191  30000
196  194  30000
196  200  30000
196  203  30000
196  206  30000
196  209  30000
196  212  30000
196  215  30000
196  218  30000
196  221  30000
196  224  30000
196  227  30000
196  230  30000
196  233  30000
196  236  30000
196  239  30000
196  242  30000
196  245  30000
196  248  30000
196  251  30000
196  254  30000
196  257  30000
196  260  30000
196  263  30000
196  266  30000
196  269  30000
196  272  30000
196  275  30000
196  278  30000
196  281  30000
196  284  30000
196  287  30000
196  290  30000
196  293  30000
196  296  30000
196  299  30000
196  302  30000
196  305  30000
196  308  30000
196  311  30000
196  314  30000
196  317  30000
198  134  100
199  137  30000
199  140  30000
199  143  30000
199  146  30000
199  149  30000
199  152  30000
199  155  30000
199  158  30000
199  161  30000
199  164  30000
199  167  30000
199  170  30000
199  173  30000
199  176  30000
199  179  30000
199  182  30000
199  185  30000
199  188  30000
199  191  30000
199  194  30000
199  197  30000
199  203  30000
199  206  30000
199  209  30000
199  212  30000
199  215  30000
199  218  30000
199  221  30000
199  224  30000
199  227  30000
199  230  30000
199  233  30000
199  236  30000
199  239  30000
199  242  30000
199  245  30000
199  248  30000
199  251  30000
199  254  30000
199  257  30000
199  260  30000
199  263  30000
199  266  30000
199  269  30000
199  272  30000
199  275  30000
199  278  30000
199  281  30000
199  284  30000
199  287  30000
199  290  30000
199  293  30000
199  296  30000
199  299  30000
199  302  30000
199  305  30000
199  308  30000
199  311  30000
199  314  30000
199  317  30000
201  133  80
202  137  30000
202  140  30000
202  143  30000
202  146  30000
202  149  30000
202  152  30000
202  155  30000
202  158  30000
202  161  30000
202  164  30000
202  167  30000
202  170  30000
202  173  30000
202  176  30000
202  179  30000
202  182  30000
202  185  30000
202  188  30000
202  191  30000
202  194  30000
202  197  30000
202  200  30000
202  206  30000
202  209  30000
202  212  30000
202  215  30000
202  218  30000
202  221  30000
202  224  30000
202  227  30000
202  230  30000
202  233  30000
202  236  30000
202  239  30000
202  242  30000
202  245  30000
202  248  30000
202  251  30000
202  254  30000
202  257  30000
202  260  30000
202  263  30000
202  266  30000
202  269  30000
202  272  30000
202  275  30000
202  278  30000
202  281  30000
202  284  30000
202  287  30000
202  290  30000
202  293  30000
202  296  30000
202  299  30000
202  302  30000
202  305  30000
202  308  30000
202  311  30000
202  314  30000
202  317  30000
204  133  80
205  137  30000
205  140  30000
205  143  30000
205  146  30000
205  149  30000
205  152  30000
205  155  30000
205  158  30000
205  161  30000
205  164  30000
205  167  30000
205  170  30000
205  173  30000
205  176  30000
205  179  30000
205  182  30000
205  185  30000
205  188  30000
205  191  30000
205  194  30000
205  197  30000
205  200  30000
205  203  30000
205  209  30000
205  212  30000
205  215  30000
205  218  30000
205  221  30000
205  224  30000
205  227  30000
205  230  30000
205  233  30000
205  236  30000
205  239  30000
205  242  30000
205  245  30000
205  248  30000
205  251  30000
205  254  30000
205  257  30000
205  260  30000
205  263  30000
205  266  30000
205  269  30000
205  272  30000
205  275  30000
205  278  30000
205  281  30000
205  284  30000
205  287  30000
205  290  30000
205  293  30000
205  296  30000
205  299  30000
205  302  30000
205  305  30000
205  308  30000
205  311  30000
205  314  30000
205  317  30000
207  133  80
208  137  30000
208  140  30000
208  143  30000
208  146  30000
208  149  30000
208  152  30000
208  155  30000
208  158  30000
208  161  30000
208  164  30000
208  167  30000
208  170  30000
208  173  30000
208  176  30000
208  179  30000
208  182  30000
208  185  30000
208  188  30000
208  191  30000
208  194  30000
208  197  30000
208  200  30000
208  203  30000
208  206  30000
208  212  30000
208  215  30000
208  218  30000
208  221  30000
208  224  30000
208  227  30000
208  230  30000
208  233  30000
208  236  30000
208  239  30000
208  242  30000
208  245  30000
208  248  30000
208  251  30000
208  254  30000
208  257  30000
208  260  30000
208  263  30000
208  266  30000
208  269  30000
208  272  30000
208  275  30000
208  278  30000
208  281  30000
208  284  30000
208  287  30000
208  290  30000
208  293  30000
208  296  30000
208  299  30000
208  302  30000
208  305  30000
208  308  30000
208  311  30000
208  314  30000
208  317  30000
210  134  80
211  137  30000
211  140  30000
211  143  30000
211  146  30000
211  149  30000
211  152  30000
211  155  30000
211  158  30000
211  161  30000
211  164  30000
211  167  30000
211  170  30000
211  173  30000
211  176  30000
211  179  30000
211  182  30000
211  185  30000
211  188  30000
211  191  30000
211  194  30000
211  197  30000
211  200  30000
211  203  30000
211  206  30000
211  209  30000
211  215  30000
211  218  30000
211  221  30000
211  224  30000
211  227  30000
211  230  30000
211  233  30000
211  236  30000
211  239  30000
211  242  30000
211  245  30000
211  248  30000
211  251  30000
211  254  30000
211  257  30000
211  260  30000
211  263  30000
211  266  30000
211  269  30000
211  272  30000
211  275  30000
211  278  30000
211  281  30000
211  284  30000
211  287  30000
211  290  30000
211  293  30000
211  296  30000
211  299  30000
211  302  30000
211  305  30000
211  308  30000
211  311  30000
211  314  30000
211  317  30000
213  1  80
214  137  30000
214  140  30000
214  143  30000
214  146  30000
214  149  30000
214  152  30000
214  155  30000
214  158  30000
214  161  30000
214  164  30000
214  167  30000
214  170  30000
214  173  30000
214  176  30000
214  179  30000
214  182  30000
214  185  30000
214  188  30000
214  191  30000
214  194  30000
214  197  30000
214  200  30000
214  203  30000
214  206  30000
214  209  30000
214  212  30000
214  218  30000
214  221  30000
214  224  30000
214  227  30000
214  230  30000
214  233  30000
214  236  30000
214  239  30000
214  242  30000
214  245  30000
214  248  30000
214  251  30000
214  254  30000
214  257  30000
214  260  30000
214  263  30000
214  266  30000
214  269  30000
214  272  30000
214  275  30000
214  278  30000
214  281  30000
214  284  30000
214  287  30000
214  290  30000
214  293  30000
214  296  30000
214  299  30000
214  302  30000
214  305  30000
214  308  30000
214  311  30000
214  314  30000
214  317  30000
216  30  80
217  137  30000
217  140  30000
217  143  30000
217  146  30000
217  149  30000
217  152  30000
217  155  30000
217  158  30000
217  161  30000
217  164  30000
217  167  30000
217  170  30000
217  173  30000
217  176  30000
217  179  30000
217  182  30000
217  185  30000
217  188  30000
217  191  30000
217  194  30000
217  197  30000
217  200  30000
217  203  30000
217  206  30000
217  209  30000
217  212  30000
217  215  30000
217  221  30000
217  224  30000
217  227  30000
217  230  30000
217  233  30000
217  236  30000
217  239  30000
217  242  30000
217  245  30000
217  248  30000
217  251  30000
217  254  30000
217  257  30000
217  260  30000
217  263  30000
217  266  30000
217  269  30000
217  272  30000
217  275  30000
217  278  30000
217  281  30000
217  284  30000
217  287  30000
217  290  30000
217  293  30000
217  296  30000
217  299  30000
217  302  30000
217  305  30000
217  308  30000
217  311  30000
217  314  30000
217  317  30000
219  59  80
220  137  30000
220  140  30000
220  143  30000
220  146  30000
220  149  30000
220  152  30000
220  155  30000
220  158  30000
220  161  30000
220  164  30000
220  167  30000
220  170  30000
220  173  30000
220  176  30000
220  179  30000
220  182  30000
220  185  30000
220  188  30000
220  191  30000
220  194  30000
220  197  30000
220  200  30000
220  203  30000
220  206  30000
220  209  30000
220  212  30000
220  215  30000
220  218  30000
220  224  30000
220  227  30000
220  230  30000
220  233  30000
220  236  30000
220  239  30000
220  242  30000
220  245  30000
220  248  30000
220  251  30000
220  254  30000
220  257  30000
220  260  30000
220  263  30000
220  266  30000
220  269  30000
220  272  30000
220  275  30000
220  278  30000
220  281  30000
220  284  30000
220  287  30000
220  290  30000
220  293  30000
220  296  30000
220  299  30000
220  302  30000
220  305  30000
220  308  30000
220  311  30000
220  314  30000
220  317  30000
222  44  80
223  137  30000
223  140  30000
223  143  30000
223  146  30000
223  149  30000
223  152  30000
223  155  30000
223  158  30000
223  161  30000
223  164  30000
223  167  30000
223  170  30000
223  173  30000
223  176  30000
223  179  30000
223  182  30000
223  185  30000
223  188  30000
223  191  30000
223  194  30000
223  197  30000
223  200  30000
223  203  30000
223  206  30000
223  209  30000
223  212  30000
223  215  30000
223  218  30000
223  221  30000
223  227  30000
223  230  30000
223  233  30000
223  236  30000
223  239  30000
223  242  30000
223  245  30000
223  248  30000
223  251  30000
223  254  30000
223  257  30000
223  260  30000
223  263  30000
223  266  30000
223  269  30000
223  272  30000
223  275  30000
223  278  30000
223  281  30000
223  284  30000
223  287  30000
223  290  30000
223  293  30000
223  296  30000
223  299  30000
223  302  30000
223  305  30000
223  308  30000
223  311  30000
223  314  30000
223  317  30000
225  44  80
226  137  30000
226  140  30000
226  143  30000
226  146  30000
226  149  30000
226  152  30000
226  155  30000
226  158  30000
226  161  30000
226  164  30000
226  167  30000
226  170  30000
226  173  30000
226  176  30000
226  179  30000
226  182  30000
226  185  30000
226  188  30000
226  191  30000
226  194  30000
226  197  30000
226  200  30000
226  203  30000
226  206  30000
226  209  30000
226  212  30000
226  215  30000
226  218  30000
226  221  30000
226  224  30000
226  230  30000
226  233  30000
226  236  30000
226  239  30000
226  242  30000
226  245  30000
226  248  30000
226  251  30000
226  254  30000
226  257  30000
226  260  30000
226  263  30000
226  266  30000
226  269  30000
226  272  30000
226  275  30000
226  278  30000
226  281  30000
226  284  30000
226  287  30000
226  290  30000
226  293  30000
226  296  30000
226  299  30000
226  302  30000
226  305  30000
226  308  30000
226  311  30000
226  314  30000
226  317  30000
228  101  140
229  137  30000
229  140  30000
229  143  30000
229  146  30000
229  149  30000
229  152  30000
229  155  30000
229  158  30000
229  161  30000
229  164  30000
229  167  30000
229  170  30000
229  173  30000
229  176  30000
229  179  30000
229  182  30000
229  185  30000
229  188  30000
229  191  30000
229  194  30000
229  197  30000
229  200  30000
229  203  30000
229  206  30000
229  209  30000
229  212  30000
229  215  30000
229  218  30000
229  221  30000
229  224  30000
229  227  30000
229  233  30000
229  236  30000
229  239  30000
229  242  30000
229  245  30000
229  248  30000
229  251  30000
229  254  30000
229  257  30000
229  260  30000
229  263  30000
229  266  30000
229  269  30000
229  272  30000
229  275  30000
229  278  30000
229  281  30000
229  284  30000
229  287  30000
229  290  30000
229  293  30000
229  296  30000
229  299  30000
229  302  30000
229  305  30000
229  308  30000
229  311  30000
229  314  30000
229  317  30000
231  101  120
232  137  30000
232  140  30000
232  143  30000
232  146  30000
232  149  30000
232  152  30000
232  155  30000
232  158  30000
232  161  30000
232  164  30000
232  167  30000
232  170  30000
232  173  30000
232  176  30000
232  179  30000
232  182  30000
232  185  30000
232  188  30000
232  191  30000
232  194  30000
232  197  30000
232  200  30000
232  203  30000
232  206  30000
232  209  30000
232  212  30000
232  215  30000
232  218  30000
232  221  30000
232  224  30000
232  227  30000
232  230  30000
232  236  30000
232  239  30000
232  242  30000
232  245  30000
232  248  30000
232  251  30000
232  254  30000
232  257  30000
232  260  30000
232  263  30000
232  266  30000
232  269  30000
232  272  30000
232  275  30000
232  278  30000
232  281  30000
232  284  30000
232  287  30000
232  290  30000
232  293  30000
232  296  30000
232  299  30000
232  302  30000
232  305  30000
232  308  30000
232  311  30000
232  314  30000
232  317  30000
234  101  120
235  137  30000
235  140  30000
235  143  30000
235  146  30000
235  149  30000
235  152  30000
235  155  30000
235  158  30000
235  161  30000
235  164  30000
235  167  30000
235  170  30000
235  173  30000
235  176  30000
235  179  30000
235  182  30000
235  185  30000
235  188  30000
235  191  30000
235  194  30000
235  197  30000
235  200  30000
235  203  30000
235  206  30000
235  209  30000
235  212  30000
235  215  30000
235  218  30000
235  221  30000
235  224  30000
235  227  30000
235  230  30000
235  233  30000
235  239  30000
235  242  30000
235  245  30000
235  248  30000
235  251  30000
235  254  30000
235  257  30000
235  260  30000
235  263  30000
235  266  30000
235  269  30000
235  272  30000
235  275  30000
235  278  30000
235  281  30000
235  284  30000
235  287  30000
235  290  30000
235  293  30000
235  296  30000
235  299  30000
235  302  30000
235  305  30000
235  308  30000
235  311  30000
235  314  30000
235  317  30000
238  137  30000
238  140  30000
238  143  30000
238  146  30000
238  149  30000
238  152  30000
238  155  30000
238  158  30000
238  161  30000
238  164  30000
238  167  30000
238  170  30000
238  173  30000
238  176  30000
238  179  30000
238  182  30000
238  185  30000
238  188  30000
238  191  30000
238  194  30000
238  197  30000
238  200  30000
238  203  30000
238  206  30000
238  209  30000
238  212  30000
238  215  30000
238  218  30000
238  221  30000
238  224  30000
238  227  30000
238  230  30000
238  233  30000
238  236  30000
238  242  30000
238  245  30000
238  248  30000
238  251  30000
238  254  30000
238  257  30000
238  260  30000
238  263  30000
238  266  30000
238  269  30000
238  272  30000
238  275  30000
238  278  30000
238  281  30000
238  284  30000
238  287  30000
238  290  30000
238  293  30000
238  296  30000
238  299  30000
238  302  30000
238  305  30000
238  308  30000
238  311  30000
238  314  30000
238  317  30000
240  115  100
241  137  30000
241  140  30000
241  143  30000
241  146  30000
241  149  30000
241  152  30000
241  155  30000
241  158  30000
241  161  30000
241  164  30000
241  167  30000
241  170  30000
241  173  30000
241  176  30000
241  179  30000
241  182  30000
241  185  30000
241  188  30000
241  191  30000
241  194  30000
241  197  30000
241  200  30000
241  203  30000
241  206  30000
241  209  30000
241  212  30000
241  215  30000
241  218  30000
241  221  30000
241  224  30000
241  227  30000
241  230  30000
241  233  30000
241  236  30000
241  239  30000
241  245  30000
241  248  30000
241  251  30000
241  254  30000
241  257  30000
241  260  30000
241  263  30000
241  266  30000
241  269  30000
241  272  30000
241  275  30000
241  278  30000
241  281  30000
241  284  30000
241  287  30000
241  290  30000
241  293  30000
241  296  30000
241  299  30000
241  302  30000
241  305  30000
241  308  30000
241  311  30000
241  314  30000
241  317  30000
243  115  100
244  137  30000
244  140  30000
244  143  30000
244  146  30000
244  149  30000
244  152  30000
244  155  30000
244  158  30000
244  161  30000
244  164  30000
244  167  30000
244  170  30000
244  173  30000
244  176  30000
244  179  30000
244  182  30000
244  185  30000
244  188  30000
244  191  30000
244  194  30000
244  197  30000
244  200  30000
244  203  30000
244  206  30000
244  209  30000
244  212  30000
244  215  30000
244  218  30000
244  221  30000
244  224  30000
244  227  30000
244  230  30000
244  233  30000
244  236  30000
244  239  30000
244  242  30000
244  248  30000
244  251  30000
244  254  30000
244  257  30000
244  260  30000
244  263  30000
244  266  30000
244  269  30000
244  272  30000
244  275  30000
244  278  30000
244  281  30000
244  284  30000
244  287  30000
244  290  30000
244  293  30000
244  296  30000
244  299  30000
244  302  30000
244  305  30000
244  308  30000
244  311  30000
244  314  30000
244  317  30000
246  86  100
247  137  30000
247  140  30000
247  143  30000
247  146  30000
247  149  30000
247  152  30000
247  155  30000
247  158  30000
247  161  30000
247  164  30000
247  167  30000
247  170  30000
247  173  30000
247  176  30000
247  179  30000
247  182  30000
247  185  30000
247  188  30000
247  191  30000
247  194  30000
247  197  30000
247  200  30000
247  203  30000
247  206  30000
247  209  30000
247  212  30000
247  215  30000
247  218  30000
247  221  30000
247  224  30000
247  227  30000
247  230  30000
247  233  30000
247  236  30000
247  239  30000
247  242  30000
247  245  30000
247  251  30000
247  254  30000
247  257  30000
247  260  30000
247  263  30000
247  266  30000
247  269  30000
247  272  30000
247  275  30000
247  278  30000
247  281  30000
247  284  30000
247  287  30000
247  290  30000
247  293  30000
247  296  30000
247  299  30000
247  302  30000
247  305  30000
247  308  30000
247  311  30000
247  314  30000
247  317  30000
249  100  100
250  137  30000
250  140  30000
250  143  30000
250  146  30000
250  149  30000
250  152  30000
250  155  30000
250  158  30000
250  161  30000
250  164  30000
250  167  30000
250  170  30000
250  173  30000
250  176  30000
250  179  30000
250  182  30000
250  185  30000
250  188  30000
250  191  30000
250  194  30000
250  197  30000
250  200  30000
250  203  30000
250  206  30000
250  209  30000
250  212  30000
250  215  30000
250  218  30000
250  221  30000
250  224  30000
250  227  30000
250  230  30000
250  233  30000
250  236  30000
250  239  30000
250  242  30000
250  245  30000
250  248  30000
250  254  30000
250  257  30000
250  260  30000
250  263  30000
250  266  30000
250  269  30000
250  272  30000
250  275  30000
250  278  30000
250  281  30000
250  284  30000
250  287  30000
250  290  30000
250  293  30000
250  296  30000
250  299  30000
250  302  30000
250  305  30000
250  308  30000
250  311  30000
250  314  30000
250  317  30000
252  85  100
253  137  30000
253  140  30000
253  143  30000
253  146  30000
253  149  30000
253  152  30000
253  155  30000
253  158  30000
253  161  30000
253  164  30000
253  167  30000
253  170  30000
253  173  30000
253  176  30000
253  179  30000
253  182  30000
253  185  30000
253  188  30000
253  191  30000
253  194  30000
253  197  30000
253  200  30000
253  203  30000
253  206  30000
253  209  30000
253  212  30000
253  215  30000
253  218  30000
253  221  30000
253  224  30000
253  227  30000
253  230  30000
253  233  30000
253  236  30000
253  239  30000
253  242  30000
253  245  30000
253  248  30000
253  251  30000
253  257  30000
253  260  30000
253  263  30000
253  266  30000
253  269  30000
253  272  30000
253  275  30000
253  278  30000
253  281  30000
253  284  30000
253  287  30000
253  290  30000
253  293  30000
253  296  30000
253  299  30000
253  302  30000
253  305  30000
253  308  30000
253  311  30000
253  314  30000
253  317  30000
255  85  120
256  137  30000
256  140  30000
256  143  30000
256  146  30000
256  149  30000
256  152  30000
256  155  30000
256  158  30000
256  161  30000
256  164  30000
256  167  30000
256  170  30000
256  173  30000
256  176  30000
256  179  30000
256  182  30000
256  185  30000
256  188  30000
256  191  30000
256  194  30000
256  197  30000
256  200  30000
256  203  30000
256  206  30000
256  209  30000
256  212  30000
256  215  30000
256  218  30000
256  221  30000
256  224  30000
256  227  30000
256  230  30000
256  233  30000
256  236  30000
256  239  30000
256  242  30000
256  245  30000
256  248  30000
256  251  30000
256  254  30000
256  260  30000
256  263  30000
256  266  30000
256  269  30000
256  272  30000
256  275  30000
256  278  30000
256  281  30000
256  284  30000
256  287  30000
256  290  30000
256  293  30000
256  296  30000
256  299  30000
256  302  30000
256  305  30000
256  308  30000
256  311  30000
256  314  30000
256  317  30000
258  98  140
259  137  30000
259  140  30000
259  143  30000
259  146  30000
259  149  30000
259  152  30000
259  155  30000
259  158  30000
259  161  30000
259  164  30000
259  167  30000
259  170  30000
259  173  30000
259  176  30000
259  179  30000
259  182  30000
259  185  30000
259  188  30000
259  191  30000
259  194  30000
259  197  30000
259  200  30000
259  203  30000
259  206  30000
259  209  30000
259  212  30000
259  215  30000
259  218  30000
259  221  30000
259  224  30000
259  227  30000
259  230  30000
259  233  30000
259  236  30000
259  239  30000
259  242  30000
259  245  30000
259  248  30000
259  251  30000
259  254  30000
259  257  30000
259  263  30000
259  266  30000
259  269  30000
259  272  30000
259  275  30000
259  278  30000
259  281  30000
259  284  30000
259  287  30000
259  290  30000
259  293  30000
259  296  30000
259  299  30000
259  302  30000
259  305  30000
259  308  30000
259  311  30000
259  314  30000
259  317  30000
261  8  80
262  137  30000
262  140  30000
262  143  30000
262  146  30000
262  149  30000
262  152  30000
262  155  30000
262  158  30000
262  161  30000
262  164  30000
262  167  30000
262  170  30000
262  173  30000
262  176  30000
262  179  30000
262  182  30000
262  185  30000
262  188  30000
262  191  30000
262  194  30000
262  197  30000
262  200  30000
262  203  30000
262  206  30000
262  209  30000
262  212  30000
262  215  30000
262  218  30000
262  221  30000
262  224  30000
262  227  30000
262  230  30000
262  233  30000
262  236  30000
262  239  30000
262  242  30000
262  245  30000
262  248  30000
262  251  30000
262  254  30000
262  257  30000
262  260  30000
262  266  30000
262  269  30000
262  272  30000
262  275  30000
262  278  30000
262  281  30000
262  284  30000
262  287  30000
262  290  30000
262  293  30000
262  296  30000
262  299  30000
262  302  30000
262  305  30000
262  308  30000
262  311  30000
262  314  30000
262  317  30000
264  27  160
265  137  30000
265  140  30000
265  143  30000
265  146  30000
265  149  30000
265  152  30000
265  155  30000
265  158  30000
265  161  30000
265  164  30000
265  167  30000
265  170  30000
265  173  30000
265  176  30000
265  179  30000
265  182  30000
265  185  30000
265  188  30000
265  191  30000
265  194  30000
265  197  30000
265  200  30000
265  203  30000
265  206  30000
265  209  30000
265  212  30000
265  215  30000
265  218  30000
265  221  30000
265  224  30000
265  227  30000
265  230  30000
265  233  30000
265  236  30000
265  239  30000
265  242  30000
265  245  30000
265  248  30000
265  251  30000
265  254  30000
265  257  30000
265  260  30000
265  263  30000
265  269  30000
265  272  30000
265  275  30000
265  278  30000
265  281  30000
265  284  30000
265  287  30000
265  290  30000
265  293  30000
265  296  30000
265  299  30000
265  302  30000
265  305  30000
265  308  30000
265  311  30000
265  314  30000
265  317  30000
267  92  80
268  137  30000
268  140  30000
268  143  30000
268  146  30000
268  149  30000
268  152  30000
268  155  30000
268  158  30000
268  161  30000
268  164  30000
268  167  30000
268  170  30000
268  173  30000
268  176  30000
268  179  30000
268  182  30000
268  185  30000
268  188  30000
268  191  30000
268  194  30000
268  197  30000
268  200  30000
268  203  30000
268  206  30000
268  209  30000
268  212  30000
268  215  30000
268  218  30000
268  221  30000
268  224  30000
268  227  30000
268  230  30000
268  233  30000
268  236  30000
268  239  30000
268  242  30000
268  245  30000
268  248  30000
268  251  30000
268  254  30000
268  257  30000
268  260  30000
268  263  30000
268  266  30000
268  272  30000
268  275  30000
268  278  30000
268  281  30000
268  284  30000
268  287  30000
268  290  30000
268  293  30000
268  296  30000
268  299  30000
268  302  30000
268  305  30000
268  308  30000
268  311  30000
268  314  30000
268  317  30000
270  94  80
271  137  30000
271  140  30000
271  143  30000
271  146  30000
271  149  30000
271  152  30000
271  155  30000
271  158  30000
271  161  30000
271  164  30000
271  167  30000
271  170  30000
271  173  30000
271  176  30000
271  179  30000
271  182  30000
271  185  30000
271  188  30000
271  191  30000
271  194  30000
271  197  30000
271  200  30000
271  203  30000
271  206  30000
271  209  30000
271  212  30000
271  215  30000
271  218  30000
271  221  30000
271  224  30000
271  227  30000
271  230  30000
271  233  30000
271  236  30000
271  239  30000
271  242  30000
271  245  30000
271  248  30000
271  251  30000
271  254  30000
271  257  30000
271  260  30000
271  263  30000
271  266  30000
271  269  30000
271  275  30000
271  278  30000
271  281  30000
271  284  30000
271  287  30000
271  290  30000
271  293  30000
271  296  30000
271  299  30000
271  302  30000
271  305  30000
271  308  30000
271  311  30000
271  314  30000
271  317  30000
273  79  160
274  137  30000
274  140  30000
274  143  30000
274  146  30000
274  149  30000
274  152  30000
274  155  30000
274  158  30000
274  161  30000
274  164  30000
274  167  30000
274  170  30000
274  173  30000
274  176  30000
274  179  30000
274  182  30000
274  185  30000
274  188  30000
274  191  30000
274  194  30000
274  197  30000
274  200  30000
274  203  30000
274  206  30000
274  209  30000
274  212  30000
274  215  30000
274  218  30000
274  221  30000
274  224  30000
274  227  30000
274  230  30000
274  233  30000
274  236  30000
274  239  30000
274  242  30000
274  245  30000
274  248  30000
274  251  30000
274  254  30000
274  257  30000
274  260  30000
274  263  30000
274  266  30000
274  269  30000
274  272  30000
274  278  30000
274  281  30000
274  284  30000
274  287  30000
274  290  30000
274  293  30000
274  296  30000
274  299  30000
274  302  30000
274  305  30000
274  308  30000
274  311  30000
274  314  30000
274  317  30000
276  48  120
277  137  30000
277  140  30000
277  143  30000
277  146  30000
277  149  30000
277  152  30000
277  155  30000
277  158  30000
277  161  30000
277  164  30000
277  167  30000
277  170  30000
277  173  30000
277  176  30000
277  179  30000
277  182  30000
277  185  30000
277  188  30000
277  191  30000
277  194  30000
277  197  30000
277  200  30000
277  203  30000
277  206  30000
277  209  30000
277  212  30000
277  215  30000
277  218  30000
277  221  30000
277  224  30000
277  227  30000
277  230  30000
277  233  30000
277  236  30000
277  239  30000
277  242  30000
277  245  30000
277  248  30000
277  251  30000
277  254  30000
277  257  30000
277  260  30000
277  263  30000
277  266  30000
277  269  30000
277  272  30000
277  275  30000
277  281  30000
277  284  30000
277  287  30000
277  290  30000
277  293  30000
277  296  30000
277  299  30000
277  302  30000
277  305  30000
277  308  30000
277  311  30000
277  314  30000
277  317  30000
279  33  80
280  137  30000
280  140  30000
280  143  30000
280  146  30000
280  149  30000
280  152  30000
280  155  30000
280  158  30000
280  161  30000
280  164  30000
280  167  30000
280  170  30000
280  173  30000
280  176  30000
280  179  30000
280  182  30000
280  185  30000
280  188  30000
280  191  30000
280  194  30000
280  197  30000
280  200  30000
280  203  30000
280  206  30000
280  209  30000
280  212  30000
280  215  30000
280  218  30000
280  221  30000
280  224  30000
280  227  30000
280  230  30000
280  233  30000
280  236  30000
280  239  30000
280  242  30000
280  245  30000
280  248  30000
280  251  30000
280  254  30000
280  257  30000
280  260  30000
280  263  30000
280  266  30000
280  269  30000
280  272  30000
280  275  30000
280  278  30000
280  284  30000
280  287  30000
280  290  30000
280  293  30000
280  296  30000
280  299  30000
280  302  30000
280  305  30000
280  308  30000
280  311  30000
280  314  30000
280  317  30000
282  33  120
283  137  30000
283  140  30000
283  143  30000
283  146  30000
283  149  30000
283  152  30000
283  155  30000
283  158  30000
283  161  30000
283  164  30000
283  167  30000
283  170  30000
283  173  30000
283  176  30000
283  179  30000
283  182  30000
283  185  30000
283  188  30000
283  191  30000
283  194  30000
283  197  30000
283  200  30000
283  203  30000
283  206  30000
283  209  30000
283  212  30000
283  215  30000
283  218  30000
283  221  30000
283  224  30000
283  227  30000
283  230  30000
283  233  30000
283  236  30000
283  239  30000
283  242  30000
283  245  30000
283  248  30000
283  251  30000
283  254  30000
283  257  30000
283  260  30000
283  263  30000
283  266  30000
283  269  30000
283  272  30000
283  275  30000
283  278  30000
283  281  30000
283  287  30000
283  290  30000
283  293  30000
283  296  30000
283  299  30000
283  302  30000
283  305  30000
283  308  30000
283  311  30000
283  314  30000
283  317  30000
285  33  120
286  137  30000
286  140  30000
286  143  30000
286  146  30000
286  149  30000
286  152  30000
286  155  30000
286  158  30000
286  161  30000
286  164  30000
286  167  30000
286  170  30000
286  173  30000
286  176  30000
286  179  30000
286  182  30000
286  185  30000
286  188  30000
286  191  30000
286  194  30000
286  197  30000
286  200  30000
286  203  30000
286  206  30000
286  209  30000
286  212  30000
286  215  30000
286  218  30000
286  221  30000
286  224  30000
286  227  30000
286  230  30000
286  233  30000
286  236  30000
286  239  30000
286  242  30000
286  245  30000
286  248  30000
286  251  30000
286  254  30000
286  257  30000
286  260  30000
286  263  30000
286  266  30000
286  269  30000
286  272  30000
286  275  30000
286  278  30000
286  281  30000
286  284  30000
286  290  30000
286  293  30000
286  296  30000
286  299  30000
286  302  30000
286  305  30000
286  308  30000
286  311  30000
286  314  30000
286  317  30000
288  62  100
289  137  30000
289  140  30000
289  143  30000
289  146  30000
289  149  30000
289  152  30000
289  155  30000
289  158  30000
289  161  30000
289  164  30000
289  167  30000
289  170  30000
289  173  30000
289  176  30000
289  179  30000
289  182  30000
289  185  30000
289  188  30000
289  191  30000
289  194  30000
289  197  30000
289  200  30000
289  203  30000
289  206  30000
289  209  30000
289  212  30000
289  215  30000
289  218  30000
289  221  30000
289  224  30000
289  227  30000
289  230  30000
289  233  30000
289  236  30000
289  239  30000
289  242  30000
289  245  30000
289  248  30000
289  251  30000
289  254  30000
289  257  30000
289  260  30000
289  263  30000
289  266  30000
289  269  30000
289  272  30000
289  275  30000
289  278  30000
289  281  30000
289  284  30000
289  287  30000
289  293  30000
289  296  30000
289  299  30000
289  302  30000
289  305  30000
289  308  30000
289  311  30000
289  314  30000
289  317  30000
291  62  120
292  137  30000
292  140  30000
292  143  30000
292  146  30000
292  149  30000
292  152  30000
292  155  30000
292  158  30000
292  161  30000
292  164  30000
292  167  30000
292  170  30000
292  173  30000
292  176  30000
292  179  30000
292  182  30000
292  185  30000
292  188  30000
292  191  30000
292  194  30000
292  197  30000
292  200  30000
292  203  30000
292  206  30000
292  209  30000
292  212  30000
292  215  30000
292  218  30000
292  221  30000
292  224  30000
292  227  30000
292  230  30000
292  233  30000
292  236  30000
292  239  30000
292  242  30000
292  245  30000
292  248  30000
292  251  30000
292  254  30000
292  257  30000
292  260  30000
292  263  30000
292  266  30000
292  269  30000
292  272  30000
292  275  30000
292  278  30000
292  281  30000
292  284  30000
292  287  30000
292  290  30000
292  296  30000
292  299  30000
292  302  30000
292  305  30000
292  308  30000
292  311  30000
292  314  30000
292  317  30000
294  76  80
295  137  30000
295  140  30000
295  143  30000
295  146  30000
295  149  30000
295  152  30000
295  155  30000
295  158  30000
295  161  30000
295  164  30000
295  167  30000
295  170  30000
295  173  30000
295  176  30000
295  179  30000
295  182  30000
295  185  30000
295  188  30000
295  191  30000
295  194  30000
295  197  30000
295  200  30000
295  203  30000
295  206  30000
295  209  30000
295  212  30000
295  215  30000
295  218  30000
295  221  30000
295  224  30000
295  227  30000
295  230  30000
295  233  30000
295  236  30000
295  239  30000
295  242  30000
295  245  30000
295  248  30000
295  251  30000
295  254  30000
295  257  30000
295  260  30000
295  263  30000
295  266  30000
295  269  30000
295  272  30000
295  275  30000
295  278  30000
295  281  30000
295  284  30000
295  287  30000
295  290  30000
295  293  30000
295  299  30000
295  302  30000
295  305  30000
295  308  30000
295  311  30000
295  314  30000
295  317  30000
297  76  80
298  137  30000
298  140  30000
298  143  30000
298  146  30000
298  149  30000
298  152  30000
298  155  30000
298  158  30000
298  161  30000
298  164  30000
298  167  30000
298  170  30000
298  173  30000
298  176  30000
298  179  30000
298  182  30000
298  185  30000
298  188  30000
298  191  30000
298  194  30000
298  197  30000
298  200  30000
298  203  30000
298  206  30000
298  209  30000
298  212  30000
298  215  30000
298  218  30000
298  221  30000
298  224  30000
298  227  30000
298  230  30000
298  233  30000
298  236  30000
298  239  30000
298  242  30000
298  245  30000
298  248  30000
298  251  30000
298  254  30000
298  257  30000
298  260  30000
298  263  30000
298  266  30000
298  269  30000
298  272  30000
298  275  30000
298  278  30000
298  281  30000
298  284  30000
298  287  30000
298  290  30000
298  293  30000
298  296  30000
298  302  30000
298  305  30000
298  308  30000
298  311  30000
298  314  30000
298  317  30000
300  62  100
301  137  30000
301  140  30000
301  143  30000
301  146  30000
301  149  30000
301  152  30000
301  155  30000
301  158  30000
301  161  30000
301  164  30000
301  167  30000
301  170  30000
301  173  30000
301  176  30000
301  179  30000
301  182  30000
301  185  30000
301  188  30000
301  191  30000
301  194  30000
301  197  30000
301  200  30000
301  203  30000
301  206  30000
301  209  30000
301  212  30000
301  215  30000
301  218  30000
301  221  30000
301  224  30000
301  227  30000
301  230  30000
301  233  30000
301  236  30000
301  239  30000
301  242  30000
301  245  30000
301  248  30000
301  251  30000
301  254  30000
301  257  30000
301  260  30000
301  263  30000
301  266  30000
301  269  30000
301  272  30000
301  275  30000
301  278  30000
301  281  30000
301  284  30000
301  287  30000
301  290  30000
301  293  30000
301  296  30000
301  299  30000
301  305  30000
301  308  30000
301  311  30000
301  314  30000
301  317  30000
303  62  100
304  137  30000
304  140  30000
304  143  30000
304  146  30000
304  149  30000
304  152  30000
304  155  30000
304  158  30000
304  161  30000
304  164  30000
304  167  30000
304  170  30000
304  173  30000
304  176  30000
304  179  30000
304  182  30000
304  185  30000
304  188  30000
304  191  30000
304  194  30000
304  197  30000
304  200  30000
304  203  30000
304  206  30000
304  209  30000
304  212  30000
304  215  30000
304  218  30000
304  221  30000
304  224  30000
304  227  30000
304  230  30000
304  233  30000
304  236  30000
304  239  30000
304  242  30000
304  245  30000
304  248  30000
304  251  30000
304  254  30000
304  257  30000
304  260  30000
304  263  30000
304  266  30000
304  269  30000
304  272  30000
304  275  30000
304  278  30000
304  281  30000
304  284  30000
304  287  30000
304  290  30000
304  293  30000
304  296  30000
304  299  30000
304  302  30000
304  308  30000
304  311  30000
304  314  30000
304  317  30000
306  61  80
307  137  30000
307  140  30000
307  143  30000
307  146  30000
307  149  30000
307  152  30000
307  155  30000
307  158  30000
307  161  30000
307  164  30000
307  167  30000
307  170  30000
307  173  30000
307  176  30000
307  179  30000
307  182  30000
307  185  30000
307  188  30000
307  191  30000
307  194  30000
307  197  30000
307  200  30000
307  203  30000
307  206  30000
307  209  30000
307  212  30000
307  215  30000
307  218  30000
307  221  30000
307  224  30000
307  227  30000
307  230  30000
307  233  30000
307  236  30000
307  239  30000
307  242  30000
307  245  30000
307  248  30000
307  251  30000
307  254  30000
307  257  30000
307  260  30000
307  263  30000
307  266  30000
307  269  30000
307  272  30000
307  275  30000
307  278  30000
307  281  30000
307  284  30000
307  287  30000
307  290  30000
307  293  30000
307  296  30000
307  299  30000
307  302  30000
307  305  30000
307  311  30000
307  314  30000
307  317  30000
309  76  100
310  137  30000
310  140  30000
310  143  30000
310  146  30000
310  149  30000
310  152  30000
310  155  30000
310  158  30000
310  161  30000
310  164  30000
310  167  30000
310  170  30000
310  173  30000
310  176  30000
310  179  30000
310  182  30000
310  185  30000
310  188  30000
310  191  30000
310  194  30000
310  197  30000
310  200  30000
310  203  30000
310  206  30000
310  209  30000
310  212  30000
310  215  30000
310  218  30000
310  221  30000
310  224  30000
310  227  30000
310  230  30000
310  233  30000
310  236  30000
310  239  30000
310  242  30000
310  245  30000
310  248  30000
310  251  30000
310  254  30000
310  257  30000
310  260  30000
310  263  30000
310  266  30000
310  269  30000
310  272  30000
310  275  30000
310  278  30000
310  281  30000
310  284  30000
310  287  30000
310  290  30000
310  293  30000
310  296  30000
310  299  30000
310  302  30000
310  305  30000
310  308  30000
310  314  30000
310  317  30000
312  61  80
313  137  30000
313  140  30000
313  143  30000
313  146  30000
313  149  30000
313  152  30000
313  155  30000
313  158  30000
313  161  30000
313  164  30000
313  167  30000
313  170  30000
313  173  30000
313  176  30000
313  179  30000
313  182  30000
313  185  30000
313  188  30000
313  191  30000
313  194  30000
313  197  30000
313  200  30000
313  203  30000
313  206  30000
313  209  30000
313  212  30000
313  215  30000
313  218  30000
313  221  30000
313  224  30000
313  227  30000
313  230  30000
313  233  30000
313  236  30000
313  239  30000
313  242  30000
313  245  30000
313  248  30000
313  251  30000
313  254  30000
313  257  30000
313  260  30000
313  263  30000
313  266  30000
313  269  30000
313  272  30000
313  275  30000
313  278  30000
313  281  30000
313  284  30000
313  287  30000
313  290  30000
313  293  30000
313  296  30000
313  299  30000
313  302  30000
313  305  30000
313  308  30000
313  311  30000
313  317  30000
315  119  80
316  137  30000
316  140  30000
316  143  30000
316  146  30000
316  149  30000
316  152  30000
316  155  30000
316  158  30000
316  161  30000
316  164  30000
316  167  30000
316  170  30000
316  173  30000
316  176  30000
316  179  30000
316  182  30000
316  185  30000
316  188  30000
316  191  30000
316  194  30000
316  197  30000
316  200  30000
316  203  30000
316  206  30000
316  209  30000
316  212  30000
316  215  30000
316  218  30000
316  221  30000
316  224  30000
316  227  30000
316  230  30000
316  233  30000
316  236  30000
316  239  30000
316  242  30000
316  245  30000
316  248  30000
316  251  30000
316  254  30000
316  257  30000
316  260  30000
316  263  30000
316  266  30000
316  269  30000
316  272  30000
316  275  30000
316  278  30000
316  281  30000
316  284  30000
316  287  30000
316  290  30000
316  293  30000
316  296  30000
316  299  30000
316  302  30000
316  305  30000
316  308  30000
316  311  30000
316  314  30000
135  136  120
137  135  120
138  139  100
140  138  100
141  142  100
143  141  100
144  145  100
146  144  100
147  148  100
149  147  100
150  151  180
152  150  180
153  154  300
155  153  300
156  157  260
158  156  260
159  160  160
161  159  160
162  163  330
164  162  330
165  166  120
167  165  120
168  169  180
170  168  180
171  172  260
173  171  260
174  175  360
176  174  360
177  178  260
179  177  260
180  181  160
182  180  160
183  184  120
185  183  120
186  187  160
188  186  160
189  190  220
191  189  220
192  193  150
194  192  150
195  196  260
197  195  260
198  199  190
200  198  190
201  202  160
203  201  160
204  205  240
206  204  240
207  208  150
209  207  150
210  211  130
212  210  130
213  214  300
215  213  300
216  217  260
218  216  260
219  220  240
221  219  240
222  223  140
224  222  140
225  226  120
227  225  120
228  229  340
230  228  340
231  232  260
233  231  260
234  235  210
236  234  210
237  238  170
239  237  170
240  241  260
242  240  260
243  244  160
245  243  160
246  247  200
248  246  200
249  250  120
251  249  120
252  253  220
254  252  220
255  256  120
257  255  120
258  259  120
260  258  120
261  262  100
263  261  100
264  265  100
266  264  100
267  268  130
269  267  130
270  271  120
272  270  120
273  274  90
275  273  90
276  277  140
278  276  140
279  280  340
281  279  340
282  283  300
284  282  300
285  286  200
287  285  200
288  289  210
290  288  210
291  292  170
293  291  170
294  295  160
296  294  160
297  298  160
299  297  160
300  301  200
302  300  200
303  304  360
305  303  360
306  307  210
308  306  210
309  310  200
311  309  200
312  313  190
314  312  190
315  316  170
317  315  170